start_time(s)	end_time(s)	rate(tuple/s)	mean(ms)	99%ile(ms)	99.9%ile(ms)	cores	mem(MB)	failed	ids	congested
0	30	3333.000000	30.650909	461.373439	515.375103	1.617000	146.183838	0	[wc-test-6-1507952459]	{}
30	60	10000.766667	8.290237	13.262847	44.433407	1.528667	89.183578	0	[wc-test-6-1507952459]	{}
60	90	10000.433333	8.109677	11.468799	20.054015	1.403333	115.329254	0	[wc-test-6-1507952459]	{}
90	120	11667.400000	8.012112	11.231231	27.639807	1.383667	146.800339	0	[wc-test-6-1507952459]	{}
120	150	9999.200000	8.074993	11.485183	33.439743	1.646000	151.799965	0	[wc-test-6-1507952459]	{}
150	180	10000.266667	8.119429	11.444223	33.849343	1.507000	121.012070	0	[wc-test-6-1507952459]	{}
180	210	10000.366667	8.009813	11.370495	27.475967	1.415667	129.398796	0	[wc-test-6-1507952459]	{}
210	240	9999.800000	8.061103	11.329535	37.191679	1.332333	205.589706	0	[wc-test-6-1507952459]	{}
240	270	10000.400000	7.934794	11.018239	15.515647	1.368667	189.305176	0	[wc-test-6-1507952459]	{}
270	300	10000.633333	8.069592	11.493375	37.715967	1.371333	71.150177	0	[wc-test-6-1507952459]	{}
