start_time(s)	end_time(s)	rate(tuple/s)	mean(ms)	99%ile(ms)	99.9%ile(ms)	cores	mem(MB)	failed	ids	congested
0	30	4128.366667	2644.574235	10636.754943	11895.046143	5.826000	584.192268	0	[wc-test-7-1507952763]	{}
30	60	10051.333333	29.393078	332.660735	549.978111	6.839000	454.517044	0	[wc-test-7-1507952763]	{}
60	91	9680.612903	13.520760	29.982719	65.667071	3.948387	448.084396	0	[wc-test-7-1507952763]	{}
91	121	10000.300000	13.145072	26.312703	38.764543	3.960667	460.950119	0	[wc-test-7-1507952763]	{}
121	151	10000.066667	13.204962	28.213247	73.203711	3.973333	490.820427	0	[wc-test-7-1507952763]	{}
151	181	10000.433333	12.938084	25.231359	33.914879	4.001667	434.203178	0	[wc-test-7-1507952763]	{}
181	211	10000.233333	12.935823	24.788991	35.028991	3.957667	480.688316	0	[wc-test-7-1507952763]	{}
211	241	10000.133333	12.897696	24.002559	32.309247	4.048667	532.325592	0	[wc-test-7-1507952763]	{}
241	271	10000.066667	12.892023	23.871487	33.013759	3.904333	476.713249	0	[wc-test-7-1507952763]	{}
271	301	10000.100000	12.848951	24.051711	32.260095	3.889000	423.400017	0	[wc-test-7-1507952763]	{}
