start_time(s)	end_time(s)	rate(tuple/s)	mean(ms)	99%ile(ms)	99.9%ile(ms)	cores	mem(MB)	failed	ids	congested
0	30	3335.366667	21.580408	234.881023	280.494079	1.727667	117.398476	0	[wc-test-1-1507953977]	{}
30	61	9678.193548	9.050332	14.254079	48.857087	1.518387	56.340324	0	[wc-test-1-1507953977]	{}
61	91	10000.266667	8.762516	13.328383	34.373631	1.381000	89.626953	0	[wc-test-1-1507953977]	{}
91	121	9999.733333	8.522093	12.910591	46.039039	1.403000	213.738815	0	[wc-test-1-1507953977]	{}
121	151	10001.366667	8.800846	13.025279	41.025535	1.392333	136.356796	0	[wc-test-1-1507953977]	{}
151	181	10000.866667	8.558460	12.754943	22.839295	1.541333	165.757233	0	[wc-test-1-1507953977]	{}
181	211	9999.966667	8.584491	12.845055	35.520511	1.389333	84.462051	0	[wc-test-1-1507953977]	{}
211	241	9999.900000	8.605352	12.943359	39.124991	1.370667	99.547653	0	[wc-test-1-1507953977]	{}
241	271	10000.100000	8.417816	12.247039	22.462463	1.343000	122.177551	0	[wc-test-1-1507953977]	{}
271	301	9999.900000	8.607104	12.926975	38.862847	1.370333	147.813171	0	[wc-test-1-1507953977]	{}
