start_time(s)	end_time(s)	rate(tuple/s)	mean(ms)	99%ile(ms)	99.9%ile(ms)	cores	mem(MB)	failed	ids	congested
0	30	6673.100000	18.688637	314.834943	544.210943	2.105000	182.081680	0	[wc-test-1-1507954769]	{}
30	60	10000.933333	8.646807	13.246463	40.402943	1.443000	158.355629	0	[wc-test-1-1507954769]	{}
60	90	10000.066667	8.434648	12.656639	34.373631	1.408333	137.963966	0	[wc-test-1-1507954769]	{}
90	120	10000.700000	8.323969	12.132351	14.942207	1.396333	112.468765	0	[wc-test-1-1507954769]	{}
120	150	9999.900000	8.526357	12.517375	36.110335	1.478333	83.264915	0	[wc-test-1-1507954769]	{}
150	180	10000.366667	8.494467	12.787711	39.485439	1.532333	53.647530	0	[wc-test-1-1507954769]	{}
180	210	9999.733333	8.510384	12.410879	26.214399	1.383000	114.014915	0	[wc-test-1-1507954769]	{}
210	240	9999.800000	8.563121	12.599295	32.292863	1.404667	81.403603	0	[wc-test-1-1507954769]	{}
240	270	10000.133333	8.503837	12.443647	33.685503	1.373333	125.570023	0	[wc-test-1-1507954769]	{}
270	300	10000.400000	8.365852	12.238847	21.823487	1.376333	175.763176	0	[wc-test-1-1507954769]	{}
