start_time(s)	end_time(s)	rate(tuple/s)	mean(ms)	99%ile(ms)	99.9%ile(ms)	cores	mem(MB)	failed	ids	congested
0	30	3335.766667	26.795093	334.495743	512.753663	1.671667	73.200127	0	[wc-test-11-1507959943]	{}
30	61	9678.096774	8.771458	14.696447	49.446911	1.519355	121.174057	0	[wc-test-11-1507959943]	{}
61	91	10000.266667	8.463223	12.484607	27.148287	1.417000	129.252373	0	[wc-test-11-1507959943]	{}
91	121	10000.033333	8.426692	12.566527	26.247167	1.397667	133.875137	0	[wc-test-11-1507959943]	{}
121	151	10000.866667	8.428146	12.492799	36.241407	1.428667	154.973328	0	[wc-test-11-1507959943]	{}
151	181	9999.800000	8.312751	12.533759	38.010879	1.619000	96.202103	0	[wc-test-11-1507959943]	{}
181	211	10000.166667	8.429030	12.279807	26.640383	1.386333	123.366776	0	[wc-test-11-1507959943]	{}
211	241	10000.133333	8.533118	12.460031	22.691839	1.386333	132.434219	0	[wc-test-11-1507959943]	{}
241	271	10000.466667	8.394280	12.451839	19.251199	1.377667	161.274162	0	[wc-test-11-1507959943]	{}
271	301	9999.400000	8.367014	12.337151	41.418751	1.418333	96.590736	0	[wc-test-11-1507959943]	{}
