start_time(s)	end_time(s)	rate(tuple/s)	mean(ms)	99%ile(ms)	99.9%ile(ms)	cores	mem(MB)	failed	ids	congested
0	30	6671.233333	22.828282	461.635583	758.644735	2.392667	148.047455	0	[wc-test-2-1507957201]	{}
30	61	9677.935484	8.503745	12.976127	39.911423	1.386452	126.526268	0	[wc-test-2-1507957201]	{}
61	91	10000.100000	8.553790	12.935167	40.239103	1.395000	127.748718	0	[wc-test-2-1507957201]	{}
91	121	9999.633333	8.575961	12.861439	27.115519	1.403000	126.793541	0	[wc-test-2-1507957201]	{}
121	151	10000.500000	8.405820	12.312575	30.277631	1.471333	138.678947	0	[wc-test-2-1507957201]	{}
151	181	9999.033333	8.470375	12.402687	22.396927	1.540333	36.147362	0	[wc-test-2-1507957201]	{}
181	211	10000.900000	8.514172	12.967935	43.057151	1.411667	136.071556	0	[wc-test-2-1507957201]	{}
211	241	10000.000000	8.544072	12.582911	39.649279	1.386333	128.134972	0	[wc-test-2-1507957201]	{}
241	271	10000.433333	8.457485	12.673023	20.873215	1.385000	150.653297	0	[wc-test-2-1507957201]	{}
271	301	10000.333333	8.379469	12.238847	25.706495	1.379667	153.104500	0	[wc-test-2-1507957201]	{}
