start_time(s)	end_time(s)	rate(tuple/s)	mean(ms)	99%ile(ms)	99.9%ile(ms)	cores	mem(MB)	failed	ids	congested
0	30	6668.200000	15.060934	175.243263	217.972735	2.367667	145.791351	0	[wc-test-20-1507962683]	{}
30	61	9677.290323	8.746310	13.361151	37.191679	1.400323	124.325127	0	[wc-test-20-1507962683]	{}
61	91	10000.633333	8.493159	12.804095	40.566783	1.428333	135.118362	0	[wc-test-20-1507962683]	{}
91	121	10000.700000	8.389033	12.263423	24.707071	1.417333	86.418861	0	[wc-test-20-1507962683]	{}
121	151	9999.766667	8.415427	12.361727	31.850495	1.440333	78.509430	0	[wc-test-20-1507962683]	{}
151	181	9999.833333	8.509072	12.623871	36.241407	1.522000	140.394623	0	[wc-test-20-1507962683]	{}
181	211	10000.300000	8.447751	12.328959	20.873215	1.404000	131.186737	0	[wc-test-20-1507962683]	{}
211	241	10000.400000	8.477347	12.386303	38.993919	1.380333	96.845322	0	[wc-test-20-1507962683]	{}
241	271	10000.200000	8.480588	12.304383	27.541503	1.379667	169.029449	0	[wc-test-20-1507962683]	{}
271	301	9999.833333	8.525630	12.427263	27.738111	1.379333	141.751373	0	[wc-test-20-1507962683]	{}
