start_time(s)	end_time(s)	rate(tuple/s)	mean(ms)	99%ile(ms)	99.9%ile(ms)	cores	mem(MB)	failed	ids	congested
0	30	1663.900000	14.516182	114.229247	150.732799	1.622667	130.169357	0	[wc-test-19-1507962379]	{}
30	60	5005.000000	8.959664	15.556607	61.079551	1.376667	64.287132	0	[wc-test-19-1507962379]	{}
60	90	5000.233333	8.318987	12.140543	14.909439	1.197333	87.547852	0	[wc-test-19-1507962379]	{}
90	121	4838.870968	8.250426	12.058623	24.395775	1.147419	126.532394	0	[wc-test-19-1507962379]	{}
121	151	4999.966667	8.255433	12.050431	25.296895	1.177667	60.411987	0	[wc-test-19-1507962379]	{}
151	181	5000.200000	8.398833	12.222463	14.942207	1.357000	191.431702	0	[wc-test-19-1507962379]	{}
181	211	5000.133333	8.196307	11.976703	23.363583	1.167000	126.830276	0	[wc-test-19-1507962379]	{}
211	241	5000.100000	8.356818	12.042239	25.493503	1.131667	145.760231	0	[wc-test-19-1507962379]	{}
241	271	5000.200000	8.245560	11.943935	13.295615	1.154333	79.466232	0	[wc-test-19-1507962379]	{}
271	301	4999.933333	8.175491	12.009471	20.758527	1.164333	114.395866	0	[wc-test-19-1507962379]	{}
