start_time(s)	end_time(s)	rate(tuple/s)	mean(ms)	99%ile(ms)	99.9%ile(ms)	cores	mem(MB)	failed	ids	congested
0	30	13337.466667	93.395283	965.214207	1067.974655	2.824667	101.458458	0	[wc-test-12-1507960247]	{}
30	61	19356.741935	10.198101	14.835711	26.607615	1.831935	100.281281	0	[wc-test-12-1507960247]	{}
61	91	20001.833333	9.886379	14.319615	25.968639	1.811333	94.810135	0	[wc-test-12-1507960247]	{}
91	121	20001.033333	9.392845	13.311999	16.482303	1.780333	177.728401	0	[wc-test-12-1507960247]	{}
121	151	20000.033333	9.565407	14.008319	28.737535	1.844667	149.679329	0	[wc-test-12-1507960247]	{}
151	181	20000.066667	9.603410	13.746175	17.186815	1.897667	99.602310	0	[wc-test-12-1507960247]	{}
181	211	19999.533333	9.569837	13.795327	24.772607	1.803667	113.339340	0	[wc-test-12-1507960247]	{}
211	241	20001.333333	9.788063	13.950975	31.260671	1.754000	81.420403	0	[wc-test-12-1507960247]	{}
241	271	20000.700000	9.793255	14.032895	17.383423	1.779333	142.958801	0	[wc-test-12-1507960247]	{}
271	301	19999.766667	10.057220	14.311423	31.604735	1.778333	134.282951	0	[wc-test-12-1507960247]	{}
