start_time(s)	end_time(s)	rate(tuple/s)	mean(ms)	99%ile(ms)	99.9%ile(ms)	cores	mem(MB)	failed	ids	congested
0	30	13335.600000	498.018006	3149.922303	3737.124863	3.100000	238.292847	0	[wc-test-21-1507962987]	{}
30	61	19355.935484	10.582513	15.359999	31.539199	1.800323	208.050011	0	[wc-test-21-1507962987]	{}
61	91	20001.333333	10.308008	14.573567	18.317311	1.859333	243.271492	0	[wc-test-21-1507962987]	{}
91	121	19998.333333	10.193691	14.467071	22.626303	1.832667	226.906075	0	[wc-test-21-1507962987]	{}
121	151	20001.900000	10.149304	14.434303	19.087359	1.881667	226.403976	0	[wc-test-21-1507962987]	{}
151	181	20001.066667	10.264126	14.450687	21.413887	1.963000	124.022224	0	[wc-test-21-1507962987]	{}
181	211	19999.700000	10.329319	14.548991	18.300927	1.833000	204.531471	0	[wc-test-21-1507962987]	{}
211	241	19999.800000	10.162168	14.434303	17.235967	1.815000	197.019814	0	[wc-test-21-1507962987]	{}
241	271	20000.200000	9.617485	13.885439	25.624575	1.830667	186.445503	0	[wc-test-21-1507962987]	{}
271	301	20000.433333	9.553141	13.737983	17.154047	1.821667	221.265465	0	[wc-test-21-1507962987]	{}
