start_time(s)	end_time(s)	rate(tuple/s)	mean(ms)	99%ile(ms)	99.9%ile(ms)	cores	mem(MB)	failed	ids	congested
0	30	2502.266667	1566.852524	9420.406783	10074.718207	2.069333	118.800354	0	[wc-test-10-1507959639]	{}
30	61	4838.709677	9.694355	13.508607	26.984447	1.205484	186.063568	0	[wc-test-10-1507959639]	{}
61	91	5000.000000	9.843835	13.524991	23.937023	1.185333	130.621948	0	[wc-test-10-1507959639]	{}
91	121	5000.200000	9.753526	13.336575	15.663103	1.182333	101.139717	0	[wc-test-10-1507959639]	{}
121	151	5000.166667	9.812646	13.533183	20.987903	1.264667	109.998840	0	[wc-test-10-1507959639]	{}
151	181	4999.900000	9.850889	13.402111	15.917055	1.298333	110.630371	0	[wc-test-10-1507959639]	{}
181	211	5000.033333	9.927713	13.639679	27.295743	1.178667	211.220184	0	[wc-test-10-1507959639]	{}
211	241	5000.366667	9.641041	13.320191	15.515647	1.129667	102.262299	0	[wc-test-10-1507959639]	{}
241	271	5000.033333	9.930881	13.565951	16.244735	1.143000	104.385712	0	[wc-test-10-1507959639]	{}
271	301	5000.033333	9.966852	13.549567	22.167551	1.181667	101.131035	0	[wc-test-10-1507959639]	{}
