start_time(s)	end_time(s)	rate(tuple/s)	mean(ms)	99%ile(ms)	99.9%ile(ms)	cores	mem(MB)	failed	ids	congested
0	30	10009.833333	4526.222592	15862.857727	16282.288127	3.064000	308.491547	0	[wc-test-3-1507957505]	{}
30	60	20001.433333	10.594597	16.154623	23.724031	1.921000	428.211395	0	[wc-test-3-1507957505]	{}
60	90	20000.166667	10.512871	14.958591	18.694143	1.841667	396.599083	0	[wc-test-3-1507957505]	{}
90	120	20000.533333	10.475044	14.901247	18.563071	1.847000	346.061424	0	[wc-test-3-1507957505]	{}
120	150	20000.566667	10.398870	14.770175	18.628607	1.866333	417.587318	0	[wc-test-3-1507957505]	{}
150	180	19999.633333	10.248743	14.598143	18.710527	1.921000	292.623978	0	[wc-test-3-1507957505]	{}
180	210	19999.733333	10.200309	14.475263	18.169855	1.798333	318.425644	0	[wc-test-3-1507957505]	{}
210	240	20002.233333	9.923852	14.204927	17.711103	1.883000	377.750137	0	[wc-test-3-1507957505]	{}
240	270	19999.666667	10.011453	14.467071	17.629183	1.852000	317.346397	0	[wc-test-3-1507957505]	{}
270	300	19999.833333	9.961520	14.409727	18.530303	1.852333	377.448967	0	[wc-test-3-1507957505]	{}
