start_time(s)	end_time(s)	rate(tuple/s)	mean(ms)	99%ile(ms)	99.9%ile(ms)	cores	mem(MB)	failed	ids	congested
0	30	1664.766667	21.977511	350.748671	499.646463	1.683667	164.784340	0	[wc-test-1-1507956896]	{}
30	60	5003.400000	8.437494	13.959167	45.842431	1.318333	159.707718	0	[wc-test-1-1507956896]	{}
60	90	5000.333333	8.574457	12.918783	21.037055	1.170667	38.560196	0	[wc-test-1-1507956896]	{}
90	120	5000.033333	8.229817	12.058623	14.704639	1.155333	122.386978	0	[wc-test-1-1507956896]	{}
120	150	4999.800000	8.150784	11.976703	20.185087	1.154000	124.346024	0	[wc-test-1-1507956896]	{}
150	180	5000.533333	8.164615	11.886591	22.560767	1.339667	98.542465	0	[wc-test-1-1507956896]	{}
180	210	4999.833333	8.178512	11.960319	14.581759	1.140667	73.734894	0	[wc-test-1-1507956896]	{}
210	240	5000.400000	8.171016	11.878399	19.054591	1.124667	146.461853	0	[wc-test-1-1507956896]	{}
240	270	4999.766667	8.076349	11.911167	14.032895	1.111000	130.955414	0	[wc-test-1-1507956896]	{}
270	300	5000.066667	8.236591	12.009471	21.282815	1.121000	95.366859	0	[wc-test-1-1507956896]	{}
