start_time(s)	end_time(s)	rate(tuple/s)	mean(ms)	99%ile(ms)	99.9%ile(ms)	cores	mem(MB)	failed	ids	congested
0	30	5059.000000	1999.640230	10292.822015	10997.465087	4.066667	381.683342	0	[wc-test-14-1507960855]	{}
30	61	9677.709677	10.678637	17.842175	38.141951	2.535806	282.083763	0	[wc-test-14-1507960855]	{}
61	91	9999.566667	10.520431	16.146431	35.028991	2.355667	261.516098	0	[wc-test-14-1507960855]	{}
91	121	10000.100000	10.674765	15.212543	18.759679	2.338000	243.125641	0	[wc-test-14-1507960855]	{}
121	151	10000.200000	11.015565	16.080895	27.672575	2.437000	236.365097	0	[wc-test-14-1507960855]	{}
151	181	10000.200000	10.889549	16.072703	37.912575	2.424333	246.833145	0	[wc-test-14-1507960855]	{}
181	211	10000.366667	10.889606	15.622143	20.643839	2.351000	287.902565	0	[wc-test-14-1507960855]	{}
211	241	9999.866667	10.963621	15.777791	38.174719	2.433333	296.880920	0	[wc-test-14-1507960855]	{}
241	271	10000.533333	10.922829	15.654911	19.415039	2.288000	342.341324	0	[wc-test-14-1507960855]	{}
271	301	10000.733333	10.907949	16.130047	36.732927	2.302333	263.169296	0	[wc-test-14-1507960855]	{}
