start_time(s)	end_time(s)	rate(tuple/s)	mean(ms)	99%ile(ms)	99.9%ile(ms)	cores	mem(MB)	failed	ids	congested
0	30	3338.200000	26.099733	285.474815	478.937087	3.980667	343.251617	0	[wc-test-13-1507960551]	{}
30	61	4838.645161	9.547334	16.105471	28.884991	2.055484	334.407272	0	[wc-test-13-1507960551]	{}
61	91	5000.400000	8.891642	13.705215	17.350655	2.054667	299.607109	0	[wc-test-13-1507960551]	{}
91	121	5000.000000	8.888915	13.475839	17.154047	2.054000	174.849777	0	[wc-test-13-1507960551]	{}
121	151	5000.000000	9.100191	13.942783	18.087935	2.255333	220.700958	0	[wc-test-13-1507960551]	{}
151	181	4999.933333	9.201111	13.590527	16.842751	2.099667	160.400459	0	[wc-test-13-1507960551]	{}
181	211	5000.266667	8.871208	13.352959	17.580031	2.075667	239.227692	0	[wc-test-13-1507960551]	{}
211	241	5000.066667	9.021868	13.533183	17.465343	2.101667	203.397057	0	[wc-test-13-1507960551]	{}
241	271	4999.866667	8.931577	13.549567	17.137663	2.020667	155.886902	0	[wc-test-13-1507960551]	{}
271	301	5000.333333	8.982820	13.115391	16.261119	2.011333	108.425606	0	[wc-test-13-1507960551]	{}
