start_time(s)	end_time(s)	rate(tuple/s)	mean(ms)	99%ile(ms)	99.9%ile(ms)	cores	mem(MB)	failed	ids	congested
0	30	503.166667	2850.241423	9529.458687	9781.116927	2.069333	138.655159	0	[wc-test-4-1507957809]	{}
30	60	5754.566667	677.720694	9068.085247	10317.987839	3.344667	200.834480	0	[wc-test-4-1507957809]	{}
60	90	5000.066667	9.763524	14.794751	20.299775	2.046333	252.681084	0	[wc-test-4-1507957809]	{}
90	120	4999.933333	9.973842	14.827519	20.987903	2.018000	194.111046	0	[wc-test-4-1507957809]	{}
120	150	5000.033333	9.666262	14.704639	19.726335	2.093333	268.666656	0	[wc-test-4-1507957809]	{}
150	180	5000.000000	9.593172	14.950399	19.382271	2.199000	237.927559	0	[wc-test-4-1507957809]	{}
180	210	5000.033333	9.844201	14.352383	18.530303	2.134333	228.098953	0	[wc-test-4-1507957809]	{}
210	240	5000.533333	9.407364	14.065663	17.825791	2.033333	293.951950	0	[wc-test-4-1507957809]	{}
240	270	4999.833333	9.334008	14.024703	17.432575	2.131333	161.644684	0	[wc-test-4-1507957809]	{}
270	300	4999.933333	9.802479	14.704639	19.349503	2.012000	344.225395	0	[wc-test-4-1507957809]	{}
