start_time(s)	end_time(s)	rate(tuple/s)	mean(ms)	99%ile(ms)	99.9%ile(ms)	cores	mem(MB)	failed	ids	congested
0	30	3962.433333	3216.553084	5133.828095	5259.657215	3.120000	439.956413	0	[wc-test-15-1507961159]	{}
30	61	21999.903226	883.805191	7633.633279	9193.914367	3.788710	388.766037	0	[wc-test-15-1507961159]	{}
61	91	20000.533333	11.147352	17.219583	30.064639	2.839667	447.845482	0	[wc-test-15-1507961159]	{}
91	121	19999.966667	11.092524	16.228351	25.460735	2.811000	467.723038	0	[wc-test-15-1507961159]	{}
121	151	20000.233333	11.150793	16.728063	33.718271	2.861333	371.501793	0	[wc-test-15-1507961159]	{}
151	181	20000.066667	11.160051	16.351231	26.542079	2.849333	474.945992	0	[wc-test-15-1507961159]	{}
181	211	20001.433333	11.139438	16.269311	20.414463	2.991333	473.349319	0	[wc-test-15-1507961159]	{}
211	241	20000.133333	11.132116	16.105471	43.548671	2.834333	463.819748	0	[wc-test-15-1507961159]	{}
241	271	20000.166667	11.137134	16.072703	19.775487	2.908667	334.234222	0	[wc-test-15-1507961159]	{}
271	301	19999.133333	11.380518	16.752639	20.889599	2.761000	464.944916	0	[wc-test-15-1507961159]	{}
