start_time(s)	end_time(s)	rate(tuple/s)	mean(ms)	99%ile(ms)	99.9%ile(ms)	cores	mem(MB)	failed	ids	congested
0	30	6678.700000	51.838501	630.194175	764.936191	4.455667	257.713707	0	[wc-test-23-1507963595]	{}
30	61	9677.645161	9.304270	16.547839	34.963455	2.591290	237.068329	0	[wc-test-23-1507963595]	{}
61	91	10000.266667	9.135754	14.950399	43.712511	2.546667	147.796623	0	[wc-test-23-1507963595]	{}
91	121	10000.200000	8.870489	14.106623	26.198015	2.529000	292.479309	0	[wc-test-23-1507963595]	{}
121	151	10000.133333	9.035587	14.868479	22.527999	2.573000	321.569077	0	[wc-test-23-1507963595]	{}
151	181	9999.966667	9.094538	14.835711	42.926079	2.635667	230.772537	0	[wc-test-23-1507963595]	{}
181	211	9999.933333	9.171047	14.901247	29.982719	2.606667	237.272102	0	[wc-test-23-1507963595]	{}
211	241	10000.900000	9.225932	15.007743	47.120383	2.752333	212.472870	0	[wc-test-23-1507963595]	{}
241	271	9999.766667	9.142443	15.220735	43.679743	2.525333	221.680458	0	[wc-test-23-1507963595]	{}
271	301	9999.733333	9.250069	14.573567	39.419903	2.488000	188.782394	0	[wc-test-23-1507963595]	{}
