start_time(s)	end_time(s)	rate(tuple/s)	mean(ms)	99%ile(ms)	99.9%ile(ms)	cores	mem(MB)	failed	ids	congested
0	30	1670.833333	33.821711	332.922879	431.226879	2.732667	214.192657	0	[wc-test-22-1507963291]	{}
30	61	4841.129032	10.339392	36.962303	82.706431	2.511935	267.624741	0	[wc-test-22-1507963291]	{}
61	91	4999.833333	8.852787	13.754367	18.071551	2.070000	315.292725	0	[wc-test-22-1507963291]	{}
91	121	5000.266667	8.970829	13.410303	16.588799	2.036667	344.599693	0	[wc-test-22-1507963291]	{}
121	151	5000.100000	8.860992	13.303807	16.809983	2.109333	285.737328	0	[wc-test-22-1507963291]	{}
151	181	5000.066667	9.009655	13.737983	17.432575	2.134667	215.597923	0	[wc-test-22-1507963291]	{}
181	211	5000.133333	8.931079	13.770751	17.580031	2.177000	259.273460	0	[wc-test-22-1507963291]	{}
211	241	4999.800000	8.877469	13.557759	17.645567	2.041333	202.581429	0	[wc-test-22-1507963291]	{}
241	271	5000.466667	8.926688	13.344767	17.170431	2.113667	148.671013	0	[wc-test-22-1507963291]	{}
271	301	4999.666667	9.018736	13.484031	17.088511	2.058333	274.315590	0	[wc-test-22-1507963291]	{}
