start_time(s)	end_time(s)	rate(tuple/s)	mean(ms)	99%ile(ms)	99.9%ile(ms)	cores	mem(MB)	failed	ids	congested
0	30	6674.666667	41.906774	470.024191	696.254463	4.273667	162.690720	0	[wc-test-5-1507958114]	{}
30	60	10000.433333	9.453430	16.736255	49.151999	2.595333	199.848038	0	[wc-test-5-1507958114]	{}
60	90	9999.333333	8.850098	14.131199	24.379391	2.532667	244.524925	0	[wc-test-5-1507958114]	{}
90	120	10001.200000	8.830813	14.376959	22.659071	2.506667	292.146301	0	[wc-test-5-1507958114]	{}
120	150	10000.533333	9.379853	15.261695	37.519359	2.465667	257.577011	0	[wc-test-5-1507958114]	{}
150	180	9999.633333	9.242849	14.786559	36.405247	2.655000	266.935516	0	[wc-test-5-1507958114]	{}
180	210	10000.433333	9.131296	14.827519	36.175871	2.533333	293.451103	0	[wc-test-5-1507958114]	{}
210	240	10000.200000	8.984067	14.090239	25.067519	2.579333	294.987602	0	[wc-test-5-1507958114]	{}
240	270	10000.400000	8.864452	13.959167	38.502399	2.509333	241.387238	0	[wc-test-5-1507958114]	{}
270	300	9999.766667	9.193117	15.794175	57.245695	2.572667	219.472771	0	[wc-test-5-1507958114]	{}
