start_time(s)	end_time(s)	rate(tuple/s)	mean(ms)	99%ile(ms)	99.9%ile(ms)	cores	mem(MB)	failed	ids	congested
0	30	13242.700000	3814.362143	12012.486655	13908.312063	5.377333	364.474380	0	[wc-test-6-1507958418]	{}
30	60	20108.800000	14.505945	27.230207	626.524159	2.895000	371.479546	0	[wc-test-6-1507958418]	{}
60	90	19999.200000	12.006055	17.350655	32.145407	2.718333	431.135971	0	[wc-test-6-1507958418]	{}
90	120	20001.433333	11.970731	17.350655	23.412735	2.715333	406.835365	0	[wc-test-6-1507958418]	{}
120	150	20000.733333	12.014112	17.678335	31.916031	2.750000	420.576805	0	[wc-test-6-1507958418]	{}
150	180	20000.200000	11.923473	16.793599	21.872639	2.776000	371.508011	0	[wc-test-6-1507958418]	{}
180	211	19354.290323	11.977894	16.990207	21.577727	2.762581	418.207909	0	[wc-test-6-1507958418]	{}
211	241	20001.333333	11.897628	17.170431	31.047679	2.892667	290.416229	0	[wc-test-6-1507958418]	{}
241	271	19999.600000	11.919856	17.088511	21.413887	2.898000	339.846024	0	[wc-test-6-1507958418]	{}
271	301	20000.200000	11.845831	16.564223	20.496383	2.750333	391.179085	0	[wc-test-6-1507958418]	{}
