start_time(s)	end_time(s)	rate(tuple/s)	mean(ms)	99%ile(ms)	99.9%ile(ms)	cores	mem(MB)	failed	ids	congested
0	31	1811.483871	862.420173	10292.822015	11148.460031	4.537097	601.900620	0	[wc-test-16-1507961463]	{}
31	62	4852.741935	27.533521	192.413695	296.747007	5.964839	558.971893	0	[wc-test-16-1507961463]	{}
62	92	5000.266667	13.546137	24.985599	34.078719	3.139333	500.306694	0	[wc-test-16-1507961463]	{}
92	122	4999.566667	13.392824	24.625151	32.849919	3.155333	578.176529	0	[wc-test-16-1507961463]	{}
122	152	5000.500000	13.258112	22.691839	31.293439	3.112333	477.565117	0	[wc-test-16-1507961463]	{}
152	182	5000.300000	13.267327	23.314431	35.749887	3.163667	585.329941	0	[wc-test-16-1507961463]	{}
182	212	5000.000000	13.264303	23.101439	30.359551	3.201333	483.407722	0	[wc-test-16-1507961463]	{}
212	242	5000.166667	13.126913	21.921791	28.213247	3.208000	489.902733	0	[wc-test-16-1507961463]	{}
242	272	5000.000000	13.235887	22.659071	32.079871	3.093000	502.987823	0	[wc-test-16-1507961463]	{}
272	302	5000.200000	13.183559	22.069247	30.261247	3.086000	418.515411	0	[wc-test-16-1507961463]	{}
