start_time(s)	end_time(s)	rate(tuple/s)	mean(ms)	99%ile(ms)	99.9%ile(ms)	cores	mem(MB)	failed	ids	congested
0	30	0.000000	0.000000	0.000000	0.000000	0.000000	0.000000	0	[wc-test-17-1507961769]	{}
30	61	11321.580645	5329.009774	16961.765375	19226.689535	10.219677	777.173920	0	[wc-test-17-1507961769]	{}
61	91	10001.066667	14.194431	29.704191	45.383679	3.936333	568.789314	0	[wc-test-17-1507961769]	{}
91	121	10000.466667	14.002509	28.377087	50.135039	3.778333	683.746819	0	[wc-test-17-1507961769]	{}
121	151	9999.166667	13.797959	26.623999	36.700159	3.810667	768.843803	0	[wc-test-17-1507961769]	{}
151	181	10001.766667	13.683692	25.509887	36.274175	3.806667	581.586769	0	[wc-test-17-1507961769]	{}
181	211	10000.033333	13.736378	26.181631	34.668543	4.041667	592.235313	0	[wc-test-17-1507961769]	{}
211	241	10000.366667	13.651156	25.690111	34.406399	3.842667	610.659821	0	[wc-test-17-1507961769]	{}
241	271	9998.666667	13.571974	25.133055	33.308671	3.983667	545.224808	0	[wc-test-17-1507961769]	{}
271	301	10000.700000	13.638598	25.952255	36.241407	3.777000	764.602020	0	[wc-test-17-1507961769]	{}
