start_time(s)	end_time(s)	rate(tuple/s)	mean(ms)	99%ile(ms)	99.9%ile(ms)	cores	mem(MB)	failed	ids	congested
0	31	0.000000	0.000000	0.000000	0.000000	0.000000	0.000000	0	[wc-test-7-1507958722]	{}
31	62	5257.096774	617.986198	10225.713151	11349.786623	9.599032	452.011162	0	[wc-test-7-1507958722]	{}
62	92	5000.333333	13.722038	25.460735	42.139647	3.369000	586.416595	0	[wc-test-7-1507958722]	{}
92	122	5000.066667	13.488676	24.969215	35.586047	3.166000	393.139000	0	[wc-test-7-1507958722]	{}
122	152	4999.900000	13.313552	23.068671	30.441471	3.103667	541.126923	0	[wc-test-7-1507958722]	{}
152	182	5000.266667	13.302214	22.609919	30.359551	3.199000	386.088844	0	[wc-test-7-1507958722]	{}
182	212	5000.533333	13.372393	23.674879	31.784959	3.245667	526.606255	0	[wc-test-7-1507958722]	{}
212	242	5000.133333	13.263380	23.330815	32.833535	3.197333	456.489937	0	[wc-test-7-1507958722]	{}
242	272	4999.666667	13.238900	22.953983	30.179327	3.261333	505.020142	0	[wc-test-7-1507958722]	{}
272	302	5000.400000	13.239890	22.675455	29.032447	3.104333	442.846405	0	[wc-test-7-1507958722]	{}
