start_time(s)	end_time(s)	rate(tuple/s)	mean(ms)	99%ile(ms)	99.9%ile(ms)	cores	mem(MB)	failed	ids	congested
0	30	3766.033333	1227.842425	10385.096703	11416.895487	5.190667	338.727486	0	[wc-test-26-1507964509]	{}
30	61	9688.935484	26.652985	190.054399	304.087039	6.366129	442.575287	0	[wc-test-26-1507964509]	{}
61	91	9999.933333	14.146576	28.573695	45.252607	3.922333	456.599365	0	[wc-test-26-1507964509]	{}
91	121	10000.200000	13.833856	26.673151	34.832383	3.887000	546.279457	0	[wc-test-26-1507964509]	{}
121	151	10000.333333	13.800696	25.919487	34.897919	3.861000	469.379250	0	[wc-test-26-1507964509]	{}
151	181	9999.333333	13.724838	25.591807	34.504703	3.916333	411.910225	0	[wc-test-26-1507964509]	{}
181	211	10001.166667	13.830520	26.411007	52.428799	3.933000	464.630646	0	[wc-test-26-1507964509]	{}
211	241	9999.600000	13.630793	25.493503	36.667391	3.935333	323.965752	0	[wc-test-26-1507964509]	{}
241	271	10001.566667	13.795526	25.853951	35.323903	3.845667	575.579697	0	[wc-test-26-1507964509]	{}
271	301	10000.100000	13.554103	24.379391	31.031295	3.816667	431.784477	0	[wc-test-26-1507964509]	{}
