start_time(s)	end_time(s)	rate(tuple/s)	mean(ms)	99%ile(ms)	99.9%ile(ms)	cores	mem(MB)	failed	ids	congested
0	31	200.741935	468.940501	1930.428415	2126.512127	0.909677	69.687218	0	[wc-test-25-1507964203]	{}
31	61	6473.666667	89.781074	1027.080191	1304.428543	9.044667	500.889595	0	[wc-test-25-1507964203]	{}
61	92	4839.161290	14.345723	25.264127	34.045951	3.082581	624.752625	0	[wc-test-25-1507964203]	{}
92	122	5000.433333	13.228805	23.068671	32.358399	3.020667	579.407089	0	[wc-test-25-1507964203]	{}
122	152	4999.933333	13.188132	23.019519	30.834687	3.078333	444.127548	0	[wc-test-25-1507964203]	{}
152	182	5000.166667	13.146977	21.626879	27.934719	3.035000	601.061714	0	[wc-test-25-1507964203]	{}
182	212	5000.200000	13.268035	23.363583	31.965183	3.143333	536.275711	0	[wc-test-25-1507964203]	{}
212	242	4999.633333	13.132683	21.954559	27.443199	3.063333	392.484421	0	[wc-test-25-1507964203]	{}
242	272	5000.633333	13.210168	22.691839	28.950527	3.568000	544.522942	0	[wc-test-25-1507964203]	{}
272	302	4999.866667	13.051287	22.085631	30.703615	3.004000	512.515160	0	[wc-test-25-1507964203]	{}
