start_time(s)	end_time(s)	rate(tuple/s)	mean(ms)	99%ile(ms)	99.9%ile(ms)	cores	mem(MB)	failed	ids	congested
0	30	6667.900000	19.598648	292.552703	580.386815	2.253667	153.370544	0	[wc-test-20-1507990401]	{}
30	60	10000.433333	8.699914	13.271039	42.172415	1.460000	183.192825	0	[wc-test-20-1507990401]	{}
60	90	9999.500000	8.539547	12.738559	37.715967	1.437000	118.307945	0	[wc-test-20-1507990401]	{}
90	120	10000.266667	8.332262	12.247039	19.791871	1.414667	55.833687	0	[wc-test-20-1507990401]	{}
120	151	9677.000000	8.462550	12.476415	20.709375	1.408065	81.437187	0	[wc-test-20-1507990401]	{}
151	181	10000.900000	8.504876	12.795903	38.141951	1.525667	103.154144	0	[wc-test-20-1507990401]	{}
181	211	10000.100000	8.354705	12.222463	23.429119	1.404333	42.204796	0	[wc-test-20-1507990401]	{}
211	241	10000.000000	8.435751	12.582911	39.550975	1.413333	80.792511	0	[wc-test-20-1507990401]	{}
241	271	10000.466667	8.525879	12.533759	14.893055	1.361000	117.680634	0	[wc-test-20-1507990401]	{}
271	301	9999.233333	8.422462	12.673023	38.731775	1.412667	49.035385	0	[wc-test-20-1507990401]	{}
