start_time(s)	end_time(s)	rate(tuple/s)	mean(ms)	99%ile(ms)	99.9%ile(ms)	cores	mem(MB)	failed	ids	congested
0	30	1664.700000	20.708223	316.669951	494.141439	1.580333	157.459343	0	[wc-test-19-1507990097]	{}
30	60	5003.900000	8.500183	14.303231	57.835519	1.333333	66.630959	0	[wc-test-19-1507990097]	{}
60	90	5000.366667	8.207408	12.034047	25.018367	1.206333	143.452744	0	[wc-test-19-1507990097]	{}
90	120	5000.300000	8.258942	12.091391	35.586047	1.213000	26.601845	0	[wc-test-19-1507990097]	{}
120	151	4838.419355	8.251252	11.968511	13.565951	1.148065	117.447075	0	[wc-test-19-1507990097]	{}
151	181	5000.000000	8.124601	11.853823	21.069823	1.376667	113.835197	0	[wc-test-19-1507990097]	{}
181	211	5000.066667	8.202141	11.968511	14.598143	1.201667	101.949341	0	[wc-test-19-1507990097]	{}
211	241	5000.366667	8.219623	11.894783	17.367039	1.181667	180.327744	0	[wc-test-19-1507990097]	{}
241	271	4999.966667	8.254759	12.099583	23.560191	1.187333	71.078529	0	[wc-test-19-1507990097]	{}
271	301	5000.166667	8.381393	12.140543	14.270463	1.177000	143.445206	0	[wc-test-19-1507990097]	{}
