start_time(s)	end_time(s)	rate(tuple/s)	mean(ms)	99%ile(ms)	99.9%ile(ms)	cores	mem(MB)	failed	ids	congested
0	30	960.833333	773.257889	9235.857407	9797.894143	1.755667	133.403214	0	[wc-test-10-1507987356]	{}
30	60	5709.566667	655.373256	9261.023231	10116.661247	1.476667	94.233650	0	[wc-test-10-1507987356]	{}
60	90	5000.000000	9.898320	13.451263	15.958015	1.228667	71.248360	0	[wc-test-10-1507987356]	{}
90	120	5000.233333	9.858487	13.746175	19.562495	1.229333	131.739151	0	[wc-test-10-1507987356]	{}
120	150	5000.000000	9.747466	13.320191	15.458303	1.266000	91.569832	0	[wc-test-10-1507987356]	{}
150	180	4999.966667	9.929866	13.819903	25.001983	1.366667	54.781563	0	[wc-test-10-1507987356]	{}
180	210	5000.133333	9.696884	13.295615	15.679487	1.214667	121.224098	0	[wc-test-10-1507987356]	{}
210	240	5000.033333	9.868301	13.524991	25.149439	1.217000	84.286621	0	[wc-test-10-1507987356]	{}
240	270	5000.133333	9.964611	13.516799	15.720447	1.184667	39.429848	0	[wc-test-10-1507987356]	{}
270	300	5000.400000	9.755663	13.606911	34.111487	1.214000	197.037117	0	[wc-test-10-1507987356]	{}
