start_time(s)	end_time(s)	rate(tuple/s)	mean(ms)	99%ile(ms)	99.9%ile(ms)	cores	mem(MB)	failed	ids	congested
0	30	10004.100000	244.288424	1522.532351	1593.835519	2.696000	127.884285	0	[wc-test-3-1507985221]	{}
30	60	23335.000000	10.520481	16.400383	42.369023	1.991667	119.008827	0	[wc-test-3-1507985221]	{}
60	90	20002.066667	10.419327	14.884863	24.739839	2.165667	131.996086	0	[wc-test-3-1507985221]	{}
90	120	20000.500000	10.313456	14.385151	17.694719	1.837333	121.129295	0	[wc-test-3-1507985221]	{}
120	150	19999.900000	10.460673	14.581759	29.736959	1.899000	201.180916	0	[wc-test-3-1507985221]	{}
150	180	19999.233333	10.479609	14.819327	36.700159	1.978333	91.189613	0	[wc-test-3-1507985221]	{}
180	210	20001.833333	10.416920	14.598143	17.924095	1.847667	76.610855	0	[wc-test-3-1507985221]	{}
210	240	19999.066667	10.384680	14.360575	26.378239	1.801000	140.246254	0	[wc-test-3-1507985221]	{}
240	270	20001.033333	10.430609	14.811135	18.546687	1.802333	117.905571	0	[wc-test-3-1507985221]	{}
270	300	20000.700000	10.381561	14.508031	27.328511	1.820333	85.163010	0	[wc-test-3-1507985221]	{}
