start_time(s)	end_time(s)	rate(tuple/s)	mean(ms)	99%ile(ms)	99.9%ile(ms)	cores	mem(MB)	failed	ids	congested
0	30	13338.433333	301.569665	2363.490303	2820.669439	2.983333	183.596565	0	[wc-test-21-1507990705]	{}
30	60	19999.100000	10.328833	15.515647	29.671423	1.911333	138.958130	0	[wc-test-21-1507990705]	{}
60	90	20000.900000	10.403014	15.114239	29.556735	1.867667	108.003853	0	[wc-test-21-1507990705]	{}
90	120	20001.100000	10.297335	14.237695	17.907711	1.860667	67.854218	0	[wc-test-21-1507990705]	{}
120	151	19354.451613	10.144687	14.286847	28.360703	1.864839	242.068016	0	[wc-test-21-1507990705]	{}
151	181	19999.366667	10.350844	14.630911	31.506431	1.981667	216.349915	0	[wc-test-21-1507990705]	{}
181	211	20001.433333	10.402010	14.442495	17.825791	1.815667	170.082130	0	[wc-test-21-1507990705]	{}
211	241	19998.933333	10.320048	14.647295	26.738687	1.809333	119.925751	0	[wc-test-21-1507990705]	{}
241	271	20000.833333	10.279543	14.286847	17.219583	1.797667	177.365707	0	[wc-test-21-1507990705]	{}
271	301	20000.800000	10.327371	14.876671	27.525119	1.876000	128.161804	0	[wc-test-21-1507990705]	{}
