start_time(s)	end_time(s)	rate(tuple/s)	mean(ms)	99%ile(ms)	99.9%ile(ms)	cores	mem(MB)	failed	ids	congested
0	31	3226.064516	14.150520	151.912447	213.778431	2.072581	156.847237	0	[wc-test-1-1507984611]	{}
31	61	5000.166667	8.219797	12.247039	24.428543	1.251000	146.092026	0	[wc-test-1-1507984611]	{}
61	91	5000.466667	8.063799	11.862015	15.925247	1.165667	51.561722	0	[wc-test-1-1507984611]	{}
91	121	4999.700000	8.227821	12.115967	24.248319	1.205333	55.187958	0	[wc-test-1-1507984611]	{}
121	151	4999.833333	8.144338	11.886591	14.057471	1.212333	149.618042	0	[wc-test-1-1507984611]	{}
151	181	5000.433333	8.074667	11.747327	27.066367	1.315000	141.873795	0	[wc-test-1-1507984611]	{}
181	211	5000.266667	8.170512	11.984895	14.680063	1.137000	149.796249	0	[wc-test-1-1507984611]	{}
211	241	4999.866667	8.251013	12.148735	19.349503	1.159667	129.518417	0	[wc-test-1-1507984611]	{}
241	271	5000.666667	8.075385	11.755519	13.500415	1.145000	137.895569	0	[wc-test-1-1507984611]	{}
271	301	5000.000000	8.302304	12.107775	25.362431	1.162333	119.953079	0	[wc-test-1-1507984611]	{}
