start_time(s)	end_time(s)	rate(tuple/s)	mean(ms)	99%ile(ms)	99.9%ile(ms)	cores	mem(MB)	failed	ids	congested
0	30	5009.433333	2625.732158	11056.185343	11534.335999	2.542000	225.886742	0	[wc-test-11-1507987660]	{}
30	60	10000.000000	9.927966	14.139391	23.412735	1.478667	143.487961	0	[wc-test-11-1507987660]	{}
60	90	9999.500000	9.859362	13.869055	16.777215	1.413667	172.246437	0	[wc-test-11-1507987660]	{}
90	120	10000.433333	10.094343	13.811711	16.875519	1.382667	191.173882	0	[wc-test-11-1507987660]	{}
120	150	10000.000000	10.103099	13.991935	17.235967	1.473333	209.927757	0	[wc-test-11-1507987660]	{}
150	180	9999.633333	10.152924	14.073855	26.394623	1.516333	225.800140	0	[wc-test-11-1507987660]	{}
180	210	10000.266667	10.131680	13.910015	16.441343	1.397000	136.415527	0	[wc-test-11-1507987660]	{}
210	240	10000.300000	10.064269	13.877247	16.482303	1.363000	253.194313	0	[wc-test-11-1507987660]	{}
240	270	10001.033333	10.025811	13.885439	16.605183	1.364000	172.678238	0	[wc-test-11-1507987660]	{}
270	300	9999.666667	9.970887	14.032895	21.512191	1.384667	179.026901	0	[wc-test-11-1507987660]	{}
