start_time(s)	end_time(s)	rate(tuple/s)	mean(ms)	99%ile(ms)	99.9%ile(ms)	cores	mem(MB)	failed	ids	congested
0	30	6673.233333	20.299151	347.865087	474.480639	2.360667	171.743156	0	[wc-test-2-1507984916]	{}
30	60	10000.500000	8.591899	13.287423	42.827775	1.453333	69.656967	0	[wc-test-2-1507984916]	{}
60	90	9999.933333	8.548070	12.722175	37.715967	1.419333	78.048782	0	[wc-test-2-1507984916]	{}
90	121	9677.258065	8.485322	12.845055	22.478847	1.366774	96.906540	0	[wc-test-2-1507984916]	{}
121	151	10001.000000	8.513599	12.754943	22.724607	1.448667	100.814369	0	[wc-test-2-1507984916]	{}
151	181	10000.400000	8.608904	12.877823	47.611903	1.547000	198.945801	0	[wc-test-2-1507984916]	{}
181	211	10000.366667	8.418126	12.476415	19.283967	1.385333	132.196182	0	[wc-test-2-1507984916]	{}
211	241	10000.033333	8.576633	12.705791	38.109183	1.364333	124.042229	0	[wc-test-2-1507984916]	{}
241	271	9999.100000	8.552872	12.541951	24.002559	1.368667	105.417076	0	[wc-test-2-1507984916]	{}
271	301	10001.733333	8.559943	12.607487	24.182783	1.373333	110.220467	0	[wc-test-2-1507984916]	{}
