start_time(s)	end_time(s)	rate(tuple/s)	mean(ms)	99%ile(ms)	99.9%ile(ms)	cores	mem(MB)	failed	ids	congested
0	30	5042.133333	2553.304639	11274.289151	12104.761343	4.002000	344.289551	0	[wc-test-14-1507988572]	{}
30	61	9678.580645	11.111187	18.235391	44.040191	2.582903	192.527451	0	[wc-test-14-1507988572]	{}
61	91	10000.400000	10.884291	16.629759	36.077567	2.411333	126.897102	0	[wc-test-14-1507988572]	{}
91	121	9999.900000	10.940586	16.039935	26.116095	2.368333	294.979126	0	[wc-test-14-1507988572]	{}
121	151	10000.666667	10.955291	16.121855	24.444927	2.428333	267.532196	0	[wc-test-14-1507988572]	{}
151	181	9999.700000	11.065719	16.310271	43.286527	2.350000	303.371346	0	[wc-test-14-1507988572]	{}
181	211	10000.166667	10.916057	16.072703	41.582591	2.523667	275.072891	0	[wc-test-14-1507988572]	{}
211	241	10000.566667	11.009797	16.203775	29.736959	2.484667	308.714790	0	[wc-test-14-1507988572]	{}
241	271	9999.966667	10.918251	16.080895	31.096831	2.350667	334.485939	0	[wc-test-14-1507988572]	{}
271	301	10000.000000	10.809501	15.900671	33.095679	2.338333	293.782364	0	[wc-test-14-1507988572]	{}
