start_time(s)	end_time(s)	rate(tuple/s)	mean(ms)	99%ile(ms)	99.9%ile(ms)	cores	mem(MB)	failed	ids	congested
0	30	1669.533333	35.435578	388.497407	631.767039	2.729667	203.344193	0	[wc-test-22-1507991009]	{}
30	61	4840.741935	10.354684	37.126143	84.279295	2.477097	256.241760	0	[wc-test-22-1507991009]	{}
61	91	4999.633333	8.999169	14.082047	18.481151	2.106333	178.335129	0	[wc-test-22-1507991009]	{}
91	121	5000.000000	9.121512	13.901823	17.727487	2.084000	388.430420	0	[wc-test-22-1507991009]	{}
121	151	5000.733333	9.025324	13.680639	18.055167	2.107333	418.627701	0	[wc-test-22-1507991009]	{}
151	181	4999.833333	9.312921	14.270463	18.087935	2.164000	328.390762	0	[wc-test-22-1507991009]	{}
181	211	4999.833333	9.394119	14.163967	18.268159	2.081333	337.114372	0	[wc-test-22-1507991009]	{}
211	241	5000.600000	9.275959	14.196735	18.464767	2.018000	263.472374	0	[wc-test-22-1507991009]	{}
241	271	5000.100000	9.225114	13.885439	17.809407	2.111000	262.776886	0	[wc-test-22-1507991009]	{}
271	301	5000.033333	9.150172	14.008319	17.940479	2.050667	374.342224	0	[wc-test-22-1507991009]	{}
