start_time(s)	end_time(s)	rate(tuple/s)	mean(ms)	99%ile(ms)	99.9%ile(ms)	cores	mem(MB)	failed	ids	congested
0	30	3342.866667	55.544880	491.782143	681.050111	2.990667	267.049812	0	[wc-test-5-1507985830]	{}
30	60	10005.000000	9.802889	19.890175	53.182463	3.128333	298.176208	0	[wc-test-5-1507985830]	{}
60	90	10001.466667	9.176836	15.441919	35.061759	2.657667	244.950974	0	[wc-test-5-1507985830]	{}
90	120	10000.133333	9.037607	14.721023	24.100863	2.690000	268.647369	0	[wc-test-5-1507985830]	{}
120	150	10000.033333	9.132037	15.130623	40.108031	2.771000	169.353745	0	[wc-test-5-1507985830]	{}
150	180	10000.033333	9.178615	18.350079	38.436863	2.955333	279.284256	0	[wc-test-5-1507985830]	{}
180	210	10000.433333	9.166257	15.515647	43.974655	2.728667	90.261398	0	[wc-test-5-1507985830]	{}
210	240	9999.333333	9.312800	15.515647	25.870335	2.748667	211.256073	0	[wc-test-5-1507985830]	{}
240	270	10000.866667	9.244374	15.220735	41.189375	2.826000	280.477043	0	[wc-test-5-1507985830]	{}
270	300	10000.066667	9.008820	15.949823	50.888703	2.821333	178.181183	0	[wc-test-5-1507985830]	{}
