start_time(s)	end_time(s)	rate(tuple/s)	mean(ms)	99%ile(ms)	99.9%ile(ms)	cores	mem(MB)	failed	ids	congested
0	30	2920.633333	2575.077645	9957.277695	10619.977727	3.985333	190.799240	0	[wc-test-4-1507985525]	{}
30	60	5000.333333	10.272273	16.687103	24.969215	2.298667	131.705948	0	[wc-test-4-1507985525]	{}
60	91	4838.580645	10.112374	15.114239	20.217855	2.075806	295.336182	0	[wc-test-4-1507985525]	{}
91	121	5000.400000	10.161470	15.532031	20.054015	2.201333	343.009773	0	[wc-test-4-1507985525]	{}
121	151	4999.800000	9.996934	15.032319	20.611071	2.293333	206.756378	0	[wc-test-4-1507985525]	{}
151	181	5000.000000	10.121730	14.778367	18.857983	2.293667	265.864136	0	[wc-test-4-1507985525]	{}
181	211	5000.266667	10.054437	14.458879	18.087935	2.118333	269.577789	0	[wc-test-4-1507985525]	{}
211	241	4999.933333	10.297574	15.106047	19.447807	2.287333	400.799599	0	[wc-test-4-1507985525]	{}
241	271	5000.100000	9.992554	14.688255	17.874943	2.238667	284.003639	0	[wc-test-4-1507985525]	{}
271	301	5000.033333	10.058623	14.794751	18.006015	2.223000	263.512230	0	[wc-test-4-1507985525]	{}
