start_time(s)	end_time(s)	rate(tuple/s)	mean(ms)	99%ile(ms)	99.9%ile(ms)	cores	mem(MB)	failed	ids	congested
0	30	6682.400000	55.562788	662.700031	770.179071	4.541667	257.465813	0	[wc-test-23-1507991313]	{}
30	60	10000.233333	9.428904	17.580031	45.055999	2.692667	232.862480	0	[wc-test-23-1507991313]	{}
60	91	9677.870968	9.053087	15.245311	46.825471	2.483871	348.695572	0	[wc-test-23-1507991313]	{}
91	121	10000.833333	9.144178	14.286847	47.611903	2.540333	235.643875	0	[wc-test-23-1507991313]	{}
121	151	9999.866667	9.247479	15.687679	36.438015	2.600333	289.793083	0	[wc-test-23-1507991313]	{}
151	181	9998.466667	9.046772	14.565375	40.763391	2.567333	283.666451	0	[wc-test-23-1507991313]	{}
181	211	10002.000000	9.261589	14.761983	39.059455	2.689667	378.665833	0	[wc-test-23-1507991313]	{}
211	241	10000.100000	9.314426	14.934015	40.566783	2.683000	122.293091	0	[wc-test-23-1507991313]	{}
241	271	9999.700000	9.114755	15.622143	45.678591	2.635000	245.772530	0	[wc-test-23-1507991313]	{}
271	301	10000.600000	8.958631	14.295039	23.527423	2.512333	251.982971	0	[wc-test-23-1507991313]	{}
