start_time(s)	end_time(s)	rate(tuple/s)	mean(ms)	99%ile(ms)	99.9%ile(ms)	cores	mem(MB)	failed	ids	congested
0	30	2922.533333	1906.326166	9839.837183	10687.086591	3.895667	209.183022	0	[wc-test-13-1507988268]	{}
30	61	4839.290323	9.856409	15.826943	25.001983	2.117097	329.640144	0	[wc-test-13-1507988268]	{}
61	91	4999.800000	9.884506	15.056895	21.250047	2.203667	271.562996	0	[wc-test-13-1507988268]	{}
91	121	5000.133333	9.904042	14.794751	18.972671	2.141667	307.693649	0	[wc-test-13-1507988268]	{}
121	151	5000.000000	9.760174	14.934015	19.513343	2.114667	255.126976	0	[wc-test-13-1507988268]	{}
151	181	5000.333333	9.885475	14.401535	18.776063	2.158667	202.269463	0	[wc-test-13-1507988268]	{}
181	211	5000.000000	9.926136	14.680063	18.874367	2.153000	334.584686	0	[wc-test-13-1507988268]	{}
211	241	5000.166667	9.714314	14.286847	18.300927	2.106333	267.136734	0	[wc-test-13-1507988268]	{}
241	271	4999.933333	9.644599	14.557183	18.595839	2.050000	277.271210	0	[wc-test-13-1507988268]	{}
271	301	5000.500000	9.832781	14.671871	18.595839	2.027667	196.220329	0	[wc-test-13-1507988268]	{}
