start_time(s)	end_time(s)	rate(tuple/s)	mean(ms)	99%ile(ms)	99.9%ile(ms)	cores	mem(MB)	failed	ids	congested
0	30	627.866667	474.872146	2831.155199	3317.694463	2.374667	228.973312	0	[wc-test-16-1507989181]	{}
30	61	5448.096774	317.247367	8724.152319	11156.848639	7.903226	429.359215	0	[wc-test-16-1507989181]	{}
61	91	5000.733333	13.591560	25.575423	34.668543	3.371000	378.666489	0	[wc-test-16-1507989181]	{}
91	121	5000.166667	13.343762	23.642111	32.817151	3.201333	425.322548	0	[wc-test-16-1507989181]	{}
121	151	5000.100000	13.283421	23.412735	33.783807	3.361667	509.994377	0	[wc-test-16-1507989181]	{}
151	181	5000.000000	13.283503	23.298047	29.966335	3.223333	583.013321	0	[wc-test-16-1507989181]	{}
181	211	5000.100000	13.191992	22.626303	28.082175	3.224667	462.371147	0	[wc-test-16-1507989181]	{}
211	241	4999.900000	13.166855	22.462463	29.655039	3.198000	543.489967	0	[wc-test-16-1507989181]	{}
241	271	5000.233333	13.293750	22.872063	32.702463	3.168000	511.023666	0	[wc-test-16-1507989181]	{}
271	301	5000.066667	13.204456	23.052287	32.243711	3.153667	581.011520	0	[wc-test-16-1507989181]	{}
