start_time(s)	end_time(s)	rate(tuple/s)	mean(ms)	99%ile(ms)	99.9%ile(ms)	cores	mem(MB)	failed	ids	congested
0	30	2287.500000	3126.536695	12566.134783	14042.529791	5.864667	383.737907	0	[wc-test-7-1507986439]	{}
30	61	4847.419355	21.743447	171.311103	265.289727	5.583871	563.540497	0	[wc-test-7-1507986439]	{}
61	91	5000.300000	13.382141	23.773183	32.276479	3.251333	568.382332	0	[wc-test-7-1507986439]	{}
91	121	5000.133333	13.390332	24.297471	32.423935	3.236333	464.564171	0	[wc-test-7-1507986439]	{}
121	151	5000.300000	13.321666	23.855103	33.783807	3.260333	471.759743	0	[wc-test-7-1507986439]	{}
151	181	5000.100000	13.324567	23.281663	31.522815	3.316667	367.473999	0	[wc-test-7-1507986439]	{}
181	211	4999.766667	13.234294	22.953983	29.753343	3.278333	487.043892	0	[wc-test-7-1507986439]	{}
211	241	5000.266667	13.264885	23.003135	31.784959	3.518667	482.806923	0	[wc-test-7-1507986439]	{}
241	271	5000.166667	13.226358	22.642687	28.983295	3.166000	594.340797	0	[wc-test-7-1507986439]	{}
271	301	5000.033333	13.184047	22.396927	29.147135	3.181333	496.501976	0	[wc-test-7-1507986439]	{}
