start_time(s)	end_time(s)	rate(tuple/s)	mean(ms)	99%ile(ms)	99.9%ile(ms)	cores	mem(MB)	failed	ids	congested
0	30	0.000000	0.000000	0.000000	0.000000	0.000000	0.000000	0	[wc-test-26-1507992227]	{}
30	61	14937.096774	1493.563251	11953.766399	13723.762687	12.318065	486.818649	0	[wc-test-26-1507992227]	{}
61	91	10000.500000	14.150196	27.770879	45.023231	4.041333	457.030357	0	[wc-test-26-1507992227]	{}
91	121	10000.333333	13.840876	26.918911	40.665087	3.929333	456.063293	0	[wc-test-26-1507992227]	{}
121	151	9999.933333	13.898447	27.082751	68.157439	3.991000	565.931648	0	[wc-test-26-1507992227]	{}
151	181	10000.733333	13.723442	25.919487	35.749887	4.014667	378.744041	0	[wc-test-26-1507992227]	{}
181	211	10000.300000	13.763789	26.542079	37.650431	3.995667	593.501480	0	[wc-test-26-1507992227]	{}
211	242	9677.258065	13.613894	24.788991	35.520511	3.871613	630.731102	0	[wc-test-26-1507992227]	{}
242	272	10000.433333	13.664120	24.494079	33.292287	3.946333	659.775978	0	[wc-test-26-1507992227]	{}
272	302	10000.266667	13.520798	24.510463	34.078719	3.910333	399.174339	0	[wc-test-26-1507992227]	{}
