start_time(s)	end_time(s)	rate(tuple/s)	mean(ms)	99%ile(ms)	99.9%ile(ms)	cores	mem(MB)	failed	ids	congested
0	31	0.000000	0.000000	0.000000	0.000000	0.000000	0.000000	0	[wc-test-25-1507991921]	{}
31	62	5252.322581	618.752973	9823.059967	11450.449919	9.511935	463.445374	0	[wc-test-25-1507991921]	{}
62	92	5000.466667	13.744903	25.968639	36.438015	3.517667	513.591881	0	[wc-test-25-1507991921]	{}
92	122	4999.966667	13.356783	23.379967	31.408127	3.220000	374.057335	0	[wc-test-25-1507991921]	{}
122	152	5000.166667	13.298818	23.101439	30.113791	3.277000	441.947380	0	[wc-test-25-1507991921]	{}
152	182	5000.166667	13.321455	24.018943	31.162367	3.201000	609.452797	0	[wc-test-25-1507991921]	{}
182	212	5000.200000	13.299265	24.182783	32.833535	3.350333	578.922386	0	[wc-test-25-1507991921]	{}
212	242	5000.333333	13.169710	23.429119	29.753343	3.286667	567.559929	0	[wc-test-25-1507991921]	{}
242	272	4999.900000	13.318396	24.068095	36.241407	3.389000	550.906822	0	[wc-test-25-1507991921]	{}
272	302	5000.100000	13.259778	22.921215	29.786111	3.210333	627.045006	0	[wc-test-25-1507991921]	{}
