start_time(s)	end_time(s)	rate(tuple/s)	mean(ms)	99%ile(ms)	99.9%ile(ms)	cores	mem(MB)	failed	ids	congested
0	30	0.000000	0.000000	0.000000	0.000000	0.000000	0.000000	0	[wc-test-8-1507986744]	{}
30	61	10502.709677	944.127619	10586.423295	11777.605631	10.262258	630.841476	0	[wc-test-8-1507986744]	{}
61	91	10001.600000	14.495570	31.490047	46.366719	4.618667	515.443459	0	[wc-test-8-1507986744]	{}
91	121	10000.066667	14.047039	28.983295	53.084159	4.017667	525.328705	0	[wc-test-8-1507986744]	{}
121	151	10000.133333	13.823372	25.460735	38.010879	4.007000	569.749390	0	[wc-test-8-1507986744]	{}
151	181	10000.833333	13.884151	27.623423	39.550975	4.017333	491.660210	0	[wc-test-8-1507986744]	{}
181	211	9998.800000	13.829567	27.443199	36.896767	4.081333	425.348778	0	[wc-test-8-1507986744]	{}
211	242	9679.838710	13.764318	26.574847	49.217535	3.910000	473.419739	0	[wc-test-8-1507986744]	{}
242	272	9999.766667	13.707433	25.804799	36.372479	3.997000	419.777908	0	[wc-test-8-1507986744]	{}
272	302	10000.233333	13.608603	24.690687	33.619967	3.952000	477.333618	0	[wc-test-8-1507986744]	{}
