start_time(s)	end_time(s)	rate(tuple/s)	mean(ms)	99%ile(ms)	99.9%ile(ms)	cores	mem(MB)	failed	ids	congested
0	30	6660.100000	120.845296	567.279615	612.892671	1.895667	108.776741	0	[wc-test-3-1507920702]	{}
30	60	20009.966667	11.401195	18.431999	49.709055	1.895000	117.859970	0	[wc-test-3-1507920702]	{}
60	90	20000.433333	11.257475	15.941631	49.151999	1.754000	129.687630	0	[wc-test-3-1507920702]	{}
90	120	20000.100000	10.886403	14.761983	18.071551	1.726667	154.774254	0	[wc-test-3-1507920702]	{}
120	150	20000.833333	10.928453	15.081471	40.763391	1.756667	175.744614	0	[wc-test-3-1507920702]	{}
150	180	20001.466667	11.028021	15.114239	40.173567	1.840667	191.273331	0	[wc-test-3-1507920702]	{}
180	210	19999.966667	11.047242	14.991359	40.632319	1.766000	110.111687	0	[wc-test-3-1507920702]	{}
210	240	19999.666667	10.864591	14.565375	17.072127	1.705667	129.291901	0	[wc-test-3-1507920702]	{}
240	270	20000.066667	10.873753	15.368191	50.855935	1.791000	156.699944	0	[wc-test-3-1507920702]	{}
270	300	20000.600000	10.899001	15.441919	41.549823	1.714667	77.460670	0	[wc-test-3-1507920702]	{}
