start_time(s)	end_time(s)	rate(tuple/s)	mean(ms)	99%ile(ms)	99.9%ile(ms)	cores	mem(MB)	failed	ids	congested
0	30	2500.766667	1979.001586	9848.225791	10309.599231	2.022333	134.800194	0	[wc-test-19-1507925580]	{}
30	60	5000.200000	10.109728	14.417919	34.242559	1.245667	114.410385	0	[wc-test-19-1507925580]	{}
60	90	5000.333333	10.019904	13.541375	16.113663	1.146667	97.971611	0	[wc-test-19-1507925580]	{}
90	120	5000.200000	9.974427	13.352959	21.135359	1.198000	103.910454	0	[wc-test-19-1507925580]	{}
120	150	4999.966667	10.041002	13.410303	15.278079	1.181667	103.706482	0	[wc-test-19-1507925580]	{}
150	180	5000.000000	9.882143	13.361151	15.359999	1.218667	195.707146	0	[wc-test-19-1507925580]	{}
180	210	5000.033333	9.943333	13.377535	16.793599	1.128333	97.943260	0	[wc-test-19-1507925580]	{}
210	240	5000.000000	9.684728	13.418495	19.939327	1.227667	195.466820	0	[wc-test-19-1507925580]	{}
240	270	5000.033333	9.911916	13.467647	16.572415	1.125667	79.821472	0	[wc-test-19-1507925580]	{}
270	300	5000.000000	9.911113	13.238271	15.450111	1.102667	153.490051	0	[wc-test-19-1507925580]	{}
