start_time(s)	end_time(s)	rate(tuple/s)	mean(ms)	99%ile(ms)	99.9%ile(ms)	cores	mem(MB)	failed	ids	congested
0	30	2501.500000	1955.388065	9722.396671	10141.827071	2.315000	176.292023	0	[wc-test-1-1507920093]	{}
30	61	4838.935484	9.918569	14.286847	40.959999	1.227419	87.927826	0	[wc-test-1-1507920093]	{}
61	91	5000.000000	9.961966	13.246463	15.794175	1.154333	203.411247	0	[wc-test-1-1507920093]	{}
91	121	5000.033333	9.938576	13.434879	16.859135	1.128333	112.990517	0	[wc-test-1-1507920093]	{}
121	151	5000.033333	9.990008	13.713407	26.574847	1.200000	116.771255	0	[wc-test-1-1507920093]	{}
151	181	5000.100000	9.802330	13.467647	16.023551	1.205667	133.921577	0	[wc-test-1-1507920093]	{}
181	211	4999.833333	10.003412	13.303807	15.876095	1.106667	146.578003	0	[wc-test-1-1507920093]	{}
211	241	5000.366667	9.992916	13.565951	27.164671	1.247333	55.300636	0	[wc-test-1-1507920093]	{}
241	271	5000.200000	9.896112	13.099007	15.032319	1.123667	171.374428	0	[wc-test-1-1507920093]	{}
271	301	4999.733333	9.891637	13.352959	15.671295	1.131333	175.059692	0	[wc-test-1-1507920093]	{}
