start_time(s)	end_time(s)	rate(tuple/s)	mean(ms)	99%ile(ms)	99.9%ile(ms)	cores	mem(MB)	failed	ids	congested
0	30	4996.800000	2351.208670	10737.418239	11165.237247	2.525000	181.981560	0	[wc-test-2-1507920397]	{}
30	60	10004.300000	10.333806	14.573567	30.785535	1.410667	102.312881	0	[wc-test-2-1507920397]	{}
60	90	10000.200000	10.116786	13.926399	16.793599	1.369000	164.219925	0	[wc-test-2-1507920397]	{}
90	120	10000.366667	10.348712	14.245887	16.793599	1.355667	221.452370	0	[wc-test-2-1507920397]	{}
120	150	9999.466667	10.244287	14.106623	16.777215	1.407667	73.256554	0	[wc-test-2-1507920397]	{}
150	180	10000.200000	10.287500	14.032895	15.966207	1.395667	127.869560	0	[wc-test-2-1507920397]	{}
180	210	10000.700000	10.374316	14.237695	17.301503	1.331333	178.953331	0	[wc-test-2-1507920397]	{}
210	240	10000.800000	10.307969	14.131199	16.596991	1.408667	224.595131	0	[wc-test-2-1507920397]	{}
240	270	10000.066667	10.160182	14.041087	16.277503	1.305000	175.652489	0	[wc-test-2-1507920397]	{}
270	300	10000.033333	10.209896	14.016511	16.162815	1.304667	125.539131	0	[wc-test-2-1507920397]	{}
