start_time(s)	end_time(s)	rate(tuple/s)	mean(ms)	99%ile(ms)	99.9%ile(ms)	cores	mem(MB)	failed	ids	congested
0	30	10009.066667	4365.740495	13597.933567	14118.027263	2.938667	299.513451	0	[wc-test-12-1507923445]	{}
30	61	19354.935484	11.190073	15.826943	21.331967	1.768710	285.433357	0	[wc-test-12-1507923445]	{}
61	91	20000.600000	11.006591	15.278079	19.365887	1.748333	364.051460	0	[wc-test-12-1507923445]	{}
91	121	20000.433333	11.126714	15.220735	18.399231	1.797667	348.607368	0	[wc-test-12-1507923445]	{}
121	151	19998.933333	11.045895	15.081471	18.186239	1.786000	335.482780	0	[wc-test-12-1507923445]	{}
151	181	20002.533333	11.041713	15.138815	18.137087	1.889333	328.364479	0	[wc-test-12-1507923445]	{}
181	211	19999.000000	11.031281	15.032319	18.087935	1.744000	314.748428	0	[wc-test-12-1507923445]	{}
211	241	19999.900000	11.082706	15.032319	18.104319	1.763333	295.593300	0	[wc-test-12-1507923445]	{}
241	271	19999.966667	11.124759	15.491071	29.736959	1.830333	260.680557	0	[wc-test-12-1507923445]	{}
271	301	20000.333333	11.139159	15.196159	18.366463	1.745000	343.157417	0	[wc-test-12-1507923445]	{}
