start_time(s)	end_time(s)	rate(tuple/s)	mean(ms)	99%ile(ms)	99.9%ile(ms)	cores	mem(MB)	failed	ids	congested
0	30	1670.866667	26.777609	245.759999	440.926207	2.649000	219.743584	0	[wc-test-22-1507926492]	{}
30	60	5001.066667	10.584843	29.327359	82.116607	2.329333	162.022980	0	[wc-test-22-1507926492]	{}
60	90	5000.000000	9.387669	14.196735	18.513919	1.893333	360.766541	0	[wc-test-22-1507926492]	{}
90	120	5000.333333	9.410811	14.131199	17.989631	2.000333	132.412773	0	[wc-test-22-1507926492]	{}
120	150	5000.366667	9.468699	13.885439	18.366463	2.023333	314.566025	0	[wc-test-22-1507926492]	{}
150	180	4999.800000	9.392180	13.901823	17.235967	1.985333	201.222618	0	[wc-test-22-1507926492]	{}
180	210	5000.466667	9.337671	13.582335	16.613375	2.045000	296.486053	0	[wc-test-22-1507926492]	{}
210	240	5000.033333	9.371144	13.565951	16.736255	2.006667	179.417488	0	[wc-test-22-1507926492]	{}
240	270	4999.933333	9.360326	13.500415	16.605183	1.854333	265.830223	0	[wc-test-22-1507926492]	{}
270	300	4999.900000	9.346776	13.721599	17.612799	1.940333	241.693611	0	[wc-test-22-1507926492]	{}
