start_time(s)	end_time(s)	rate(tuple/s)	mean(ms)	99%ile(ms)	99.9%ile(ms)	cores	mem(MB)	failed	ids	congested
0	30	3336.133333	19.048365	144.965631	383.254527	3.580333	262.519936	0	[wc-test-4-1507921006]	{}
30	60	5000.733333	9.756423	15.482879	26.001407	1.927333	314.412506	0	[wc-test-4-1507921006]	{}
60	90	4999.966667	9.390096	13.557759	17.088511	1.849000	188.217651	0	[wc-test-4-1507921006]	{}
90	120	5000.100000	9.182010	13.508607	17.661951	1.848333	174.900429	0	[wc-test-4-1507921006]	{}
120	150	5000.100000	9.351484	13.688831	17.137663	2.018000	247.307022	0	[wc-test-4-1507921006]	{}
150	180	5000.200000	9.317444	13.647871	17.498111	2.030000	310.547531	0	[wc-test-4-1507921006]	{}
180	210	4999.966667	9.106976	13.434879	17.203199	1.854667	305.247993	0	[wc-test-4-1507921006]	{}
210	240	5000.000000	9.245054	13.352959	16.941055	1.986000	284.414528	0	[wc-test-4-1507921006]	{}
240	270	5000.166667	9.355465	13.443071	16.687103	1.822333	246.128075	0	[wc-test-4-1507921006]	{}
270	300	5000.200000	9.252596	13.418495	16.875519	1.824000	318.582825	0	[wc-test-4-1507921006]	{}
