start_time(s)	end_time(s)	rate(tuple/s)	mean(ms)	99%ile(ms)	99.9%ile(ms)	cores	mem(MB)	failed	ids	congested
0	30	6672.033333	83.854452	817.364991	952.631295	3.941000	188.931694	0	[wc-test-5-1507921311]	{}
30	60	10000.800000	10.968035	16.891903	25.673727	2.208667	234.399666	0	[wc-test-5-1507921311]	{}
60	90	9999.333333	10.742629	15.638527	22.790143	2.151000	308.742950	0	[wc-test-5-1507921311]	{}
90	120	10000.666667	10.747869	14.917631	18.087935	2.098333	169.516563	0	[wc-test-5-1507921311]	{}
120	150	10000.466667	10.874724	15.785983	19.939327	2.173000	233.120934	0	[wc-test-5-1507921311]	{}
150	180	10000.000000	10.980563	15.089663	19.267583	2.165000	280.362602	0	[wc-test-5-1507921311]	{}
180	210	9999.833333	10.648429	14.942207	18.644991	2.141333	166.638969	0	[wc-test-5-1507921311]	{}
210	240	10000.500000	11.002609	15.613951	40.075263	2.269667	312.088036	0	[wc-test-5-1507921311]	{}
240	270	9999.266667	10.843032	15.130623	23.838719	2.088000	257.601921	0	[wc-test-5-1507921311]	{}
270	300	10000.900000	10.976117	15.015935	17.973247	2.075333	294.246948	0	[wc-test-5-1507921311]	{}
