start_time(s)	end_time(s)	rate(tuple/s)	mean(ms)	99%ile(ms)	99.9%ile(ms)	cores	mem(MB)	failed	ids	congested
0	30	13339.433333	123.163729	887.095295	957.874175	2.614000	199.751938	0	[wc-test-21-1507926188]	{}
30	60	20000.000000	11.017673	15.310847	19.382271	1.789667	142.043747	0	[wc-test-21-1507926188]	{}
60	90	19999.933333	10.900304	14.704639	27.049983	1.738667	192.793098	0	[wc-test-21-1507926188]	{}
90	120	20000.533333	10.866776	14.925823	31.588351	1.742667	135.661880	0	[wc-test-21-1507926188]	{}
120	150	20000.033333	10.881889	14.704639	17.874943	1.800000	181.479279	0	[wc-test-21-1507926188]	{}
150	180	20000.566667	10.837167	14.835711	23.969791	1.824000	132.094749	0	[wc-test-21-1507926188]	{}
180	210	20000.666667	10.984190	14.876671	24.772607	1.719333	174.023598	0	[wc-test-21-1507926188]	{}
210	240	19999.200000	10.828351	14.499839	17.399807	1.734000	125.098015	0	[wc-test-21-1507926188]	{}
240	270	19999.066667	10.929660	15.007743	32.915455	1.690667	164.025955	0	[wc-test-21-1507926188]	{}
270	300	20002.900000	10.841245	14.688255	18.038783	1.704000	201.536346	0	[wc-test-21-1507926188]	{}
