start_time(s)	end_time(s)	rate(tuple/s)	mean(ms)	99%ile(ms)	99.9%ile(ms)	cores	mem(MB)	failed	ids	congested
0	30	3333.766667	25.139436	254.935039	400.031743	1.728667	125.858719	0	[wc-test-20-1507925884]	{}
30	60	10001.633333	9.488709	15.138815	41.680895	1.786667	67.591599	0	[wc-test-20-1507925884]	{}
60	90	10000.433333	9.243818	13.131775	15.220735	1.326000	139.092346	0	[wc-test-20-1507925884]	{}
90	120	11666.400000	9.129381	13.238271	39.944191	1.304333	115.246513	0	[wc-test-20-1507925884]	{}
120	150	9999.800000	9.319465	13.516799	42.958847	1.344333	191.729004	0	[wc-test-20-1507925884]	{}
150	180	10000.166667	9.197071	13.205503	39.321599	1.402667	65.843971	0	[wc-test-20-1507925884]	{}
180	210	10000.700000	9.182842	13.041663	16.646143	1.357333	39.466087	0	[wc-test-20-1507925884]	{}
210	240	9999.633333	9.293136	13.336575	36.863999	1.356667	112.926476	0	[wc-test-20-1507925884]	{}
240	270	10000.533333	9.285994	13.549567	41.746431	1.320667	86.167976	0	[wc-test-20-1507925884]	{}
270	300	10000.133333	9.123090	13.213695	35.127295	1.317000	160.248932	0	[wc-test-20-1507925884]	{}
