start_time(s)	end_time(s)	rate(tuple/s)	mean(ms)	99%ile(ms)	99.9%ile(ms)	cores	mem(MB)	failed	ids	congested
0	30	6670.100000	26.413376	591.396863	837.812223	2.154667	100.325943	0	[wc-test-11-1507923141]	{}
30	60	9999.966667	9.735351	14.376959	47.382527	1.412667	156.014282	0	[wc-test-11-1507923141]	{}
60	91	9678.032258	9.484638	13.721599	41.844735	1.296452	114.223701	0	[wc-test-11-1507923141]	{}
91	121	10000.133333	9.349098	13.311999	29.589503	1.330000	174.465820	0	[wc-test-11-1507923141]	{}
121	151	10000.100000	9.294608	13.328383	38.633471	1.369667	136.728088	0	[wc-test-11-1507923141]	{}
151	181	10000.200000	9.283717	13.623295	47.546367	1.424333	100.167076	0	[wc-test-11-1507923141]	{}
181	211	10000.100000	9.559851	13.762559	32.440319	1.280333	57.899895	0	[wc-test-11-1507923141]	{}
211	241	9999.266667	9.438947	13.705215	39.321599	1.369000	106.356384	0	[wc-test-11-1507923141]	{}
241	271	10001.133333	9.387453	13.524991	38.961151	1.321667	168.488014	0	[wc-test-11-1507923141]	{}
271	301	9999.600000	9.399753	13.402111	33.292287	1.297000	116.537537	0	[wc-test-11-1507923141]	{}
