start_time(s)	end_time(s)	rate(tuple/s)	mean(ms)	99%ile(ms)	99.9%ile(ms)	cores	mem(MB)	failed	ids	congested
0	30	1667.433333	26.973579	541.065215	715.128831	1.461667	142.066307	0	[wc-test-10-1507922837]	{}
30	61	4839.354839	8.956513	14.131199	50.954239	1.219677	157.969757	0	[wc-test-10-1507922837]	{}
61	91	5000.300000	8.694245	12.705791	24.182783	1.163000	170.808754	0	[wc-test-10-1507922837]	{}
91	121	5000.100000	8.672361	12.754943	20.070399	1.127333	168.072487	0	[wc-test-10-1507922837]	{}
121	151	4999.966667	8.657880	12.296191	14.483455	1.147333	67.295242	0	[wc-test-10-1507922837]	{}
151	181	5000.300000	8.792462	12.705791	20.348927	1.247333	69.739006	0	[wc-test-10-1507922837]	{}
181	211	5000.066667	8.738472	12.615679	20.135935	1.176333	178.685455	0	[wc-test-10-1507922837]	{}
211	241	5000.033333	8.530036	12.222463	13.918207	1.156000	181.070053	0	[wc-test-10-1507922837]	{}
241	271	5000.033333	8.754554	12.640255	24.330239	1.126000	84.624298	0	[wc-test-10-1507922837]	{}
271	301	5000.233333	8.615495	12.140543	13.877247	1.111000	84.806099	0	[wc-test-10-1507922837]	{}
