start_time(s)	end_time(s)	rate(tuple/s)	mean(ms)	99%ile(ms)	99.9%ile(ms)	cores	mem(MB)	failed	ids	congested
0	30	6673.233333	47.307940	737.148927	1148.190719	3.881333	201.071793	0	[wc-test-14-1507924053]	{}
30	60	10000.600000	11.054835	16.564223	21.970943	2.190000	230.089081	0	[wc-test-14-1507924053]	{}
60	90	10000.200000	10.920312	15.269887	18.399231	2.128000	214.200256	0	[wc-test-14-1507924053]	{}
90	120	10000.033333	10.857565	15.253503	19.447807	2.125000	299.271309	0	[wc-test-14-1507924053]	{}
120	150	10000.733333	10.638236	15.171583	18.759679	2.196667	302.841293	0	[wc-test-14-1507924053]	{}
150	180	10000.033333	10.796601	15.245311	24.723455	2.212333	292.548546	0	[wc-test-14-1507924053]	{}
180	210	10000.233333	10.673010	14.934015	26.132479	2.147667	206.142372	0	[wc-test-14-1507924053]	{}
210	240	10000.166667	10.871279	15.237119	18.497535	2.277667	270.375114	0	[wc-test-14-1507924053]	{}
240	270	10000.133333	10.820673	15.032319	22.642687	2.115000	238.494209	0	[wc-test-14-1507924053]	{}
270	300	10000.033333	10.806607	15.433727	19.775487	2.229000	187.178131	0	[wc-test-14-1507924053]	{}
