start_time(s)	end_time(s)	rate(tuple/s)	mean(ms)	99%ile(ms)	99.9%ile(ms)	cores	mem(MB)	failed	ids	congested
0	30	70.700000	9340.742693	9504.292863	9529.458687	2.016333	234.926170	0	[wc-test-13-1507923749]	{}
30	61	5984.387097	1074.628676	9143.582719	10192.158719	3.088065	207.157967	0	[wc-test-13-1507923749]	{}
61	91	5000.133333	10.413927	14.876671	18.464767	1.851000	172.684006	0	[wc-test-13-1507923749]	{}
91	121	4999.900000	10.280707	14.221311	17.940479	1.821333	141.166534	0	[wc-test-13-1507923749]	{}
121	151	5000.233333	10.254087	14.934015	19.316735	1.969000	317.424362	0	[wc-test-13-1507923749]	{}
151	181	5000.366667	10.129753	14.491647	18.268159	1.931667	292.575958	0	[wc-test-13-1507923749]	{}
181	211	4999.900000	10.132811	14.270463	19.251199	1.918000	282.801323	0	[wc-test-13-1507923749]	{}
211	241	4999.966667	10.192872	14.303231	28.426239	1.971667	240.608154	0	[wc-test-13-1507923749]	{}
241	271	4999.833333	10.031744	13.967359	17.104895	1.872333	331.432907	0	[wc-test-13-1507923749]	{}
271	301	5000.100000	10.120318	14.106623	17.940479	1.887000	213.903725	0	[wc-test-13-1507923749]	{}
