start_time(s)	end_time(s)	rate(tuple/s)	mean(ms)	99%ile(ms)	99.9%ile(ms)	cores	mem(MB)	failed	ids	congested
0	30	5844.666667	48.142893	466.092031	555.220991	4.090667	153.596054	0	[wc-test-23-1507926796]	{}
30	60	10001.366667	9.868191	16.941055	36.110335	2.270333	268.656960	0	[wc-test-23-1507926796]	{}
60	90	10833.533333	9.386477	13.836287	17.235967	2.192333	141.661385	0	[wc-test-23-1507926796]	{}
90	120	9999.900000	10.029581	14.852095	20.332543	2.121333	333.137367	0	[wc-test-23-1507926796]	{}
120	150	10000.100000	9.404226	14.327807	27.836415	2.211000	158.653641	0	[wc-test-23-1507926796]	{}
150	180	10000.366667	9.728453	14.147583	17.465343	2.243333	266.504028	0	[wc-test-23-1507926796]	{}
180	210	10000.033333	9.459728	14.123007	29.933567	2.174667	206.062225	0	[wc-test-23-1507926796]	{}
210	240	10001.133333	9.559813	13.991935	17.317887	2.341000	226.290642	0	[wc-test-23-1507926796]	{}
240	270	9999.766667	9.412422	13.918207	22.495231	2.157667	261.030647	0	[wc-test-23-1507926796]	{}
270	300	10000.533333	9.448034	13.828095	18.661375	2.176333	213.231712	0	[wc-test-23-1507926796]	{}
