start_time(s)	end_time(s)	rate(tuple/s)	mean(ms)	99%ile(ms)	99.9%ile(ms)	cores	mem(MB)	failed	ids	congested
0	30	0.000000	0.000000	0.000000	0.000000	0.000000	0.000000	0	[wc-test-25-1507927404]	{}
30	61	5453.967742	813.446169	9521.070079	10787.749887	9.285806	442.065918	0	[wc-test-25-1507927404]	{}
61	91	5000.733333	13.379850	25.460735	52.330495	3.070333	354.449326	0	[wc-test-25-1507927404]	{}
91	121	4999.900000	12.988161	21.544959	29.196287	2.793667	579.998444	0	[wc-test-25-1507927404]	{}
121	151	5000.366667	12.781514	21.217279	27.279359	2.771000	516.526764	0	[wc-test-25-1507927404]	{}
151	181	5000.200000	12.380169	20.594687	29.458431	2.808000	467.490601	0	[wc-test-25-1507927404]	{}
181	211	4999.933333	12.380106	20.250623	26.836991	2.860000	623.906723	0	[wc-test-25-1507927404]	{}
211	241	5000.200000	12.722063	20.692991	26.181631	3.011000	451.855835	0	[wc-test-25-1507927404]	{}
241	271	5000.066667	12.482683	20.135935	27.492351	2.923667	504.665863	0	[wc-test-25-1507927404]	{}
271	301	5000.066667	12.834270	20.873215	28.246015	2.936667	624.800606	0	[wc-test-25-1507927404]	{}
