start_time(s)	end_time(s)	rate(tuple/s)	mean(ms)	99%ile(ms)	99.9%ile(ms)	cores	mem(MB)	failed	ids	congested
0	30	10013.600000	6239.878475	17246.978047	17750.294527	2.825333	952.919449	0	[wc-test-3-1507912112]	{}
30	61	19354.870968	10.832605	16.678911	24.625151	1.851613	952.463631	0	[wc-test-3-1507912112]	{}
61	91	20000.433333	10.745301	15.720447	19.513343	1.749000	941.341713	0	[wc-test-3-1507912112]	{}
91	121	19999.300000	10.838377	15.876095	25.313279	1.696333	1009.635933	0	[wc-test-3-1507912112]	{}
121	151	20000.900000	10.919976	16.490495	20.447231	1.769000	873.910622	0	[wc-test-3-1507912112]	{}
151	181	20000.066667	10.985206	16.105471	20.447231	1.779000	845.551155	0	[wc-test-3-1507912112]	{}
181	211	20000.233333	11.106929	16.244735	19.873791	1.658667	908.879028	0	[wc-test-3-1507912112]	{}
211	241	20000.666667	11.219575	17.088511	21.118975	1.754333	922.415527	0	[wc-test-3-1507912112]	{}
241	271	20000.133333	11.216805	16.826367	20.283391	1.734000	919.244980	0	[wc-test-3-1507912112]	{}
271	301	20001.000000	10.793877	16.080895	19.808255	1.711667	909.922028	0	[wc-test-3-1507912112]	{}
