start_time(s)	end_time(s)	rate(tuple/s)	mean(ms)	99%ile(ms)	99.9%ile(ms)	cores	mem(MB)	failed	ids	congested
0	30	64.500000	9265.438631	9990.832127	10007.609343	0.593000	46.369965	0	[wc-test-10-1507914250]	{}
30	60	5769.566667	735.209550	9378.463743	10309.599231	2.193000	184.700996	0	[wc-test-10-1507914250]	{}
60	90	4999.900000	9.981639	14.082047	18.071551	1.144333	157.217911	0	[wc-test-10-1507914250]	{}
90	120	5000.266667	10.087741	13.819903	20.774911	1.137333	145.039902	0	[wc-test-10-1507914250]	{}
120	150	5000.033333	10.066341	13.713407	15.785983	1.131000	136.124374	0	[wc-test-10-1507914250]	{}
150	180	5000.033333	10.083201	13.803519	19.546111	1.218667	222.140221	0	[wc-test-10-1507914250]	{}
180	210	5000.033333	10.094609	13.639679	16.031743	1.135667	105.343239	0	[wc-test-10-1507914250]	{}
210	240	5000.166667	10.069268	13.557759	14.966783	1.162333	189.287300	0	[wc-test-10-1507914250]	{}
240	270	5000.300000	10.018328	13.336575	15.056895	1.196000	77.091385	0	[wc-test-10-1507914250]	{}
270	300	4999.700000	10.174175	13.910015	19.464191	1.140000	158.350754	0	[wc-test-10-1507914250]	{}
