start_time(s)	end_time(s)	rate(tuple/s)	mean(ms)	99%ile(ms)	99.9%ile(ms)	cores	mem(MB)	failed	ids	congested
0	30	5006.000000	3463.487094	13975.420927	14612.955135	2.386667	315.343857	0	[wc-test-2-1507911808]	{}
30	61	9677.612903	10.746994	14.376959	20.824063	1.388387	348.287064	0	[wc-test-2-1507911808]	{}
61	91	10000.666667	10.657480	14.172159	17.580031	1.297333	275.319633	0	[wc-test-2-1507911808]	{}
91	121	9999.500000	10.759580	14.385151	18.120703	1.286000	246.454948	0	[wc-test-2-1507911808]	{}
121	151	10000.433333	10.716887	14.352383	17.203199	1.336333	249.041885	0	[wc-test-2-1507911808]	{}
151	181	10000.400000	10.927590	14.761983	37.453823	1.366000	261.001701	0	[wc-test-2-1507911808]	{}
181	211	9999.733333	10.809784	14.458879	17.547263	1.310333	288.728058	0	[wc-test-2-1507911808]	{}
211	241	10000.366667	10.957888	14.647295	18.153471	1.346000	344.844894	0	[wc-test-2-1507911808]	{}
241	271	10000.466667	11.022520	14.639103	18.448383	1.291000	306.952797	0	[wc-test-2-1507911808]	{}
271	301	9999.600000	11.053164	14.573567	17.563647	1.264333	279.029076	0	[wc-test-2-1507911808]	{}
