start_time(s)	end_time(s)	rate(tuple/s)	mean(ms)	99%ile(ms)	99.9%ile(ms)	cores	mem(MB)	failed	ids	congested
0	30	6673.666667	21.817807	406.585343	689.963007	2.101667	125.960121	0	[wc-test-19-1507916998]	{}
30	60	10001.033333	9.655734	14.213119	41.648127	1.373000	66.738617	0	[wc-test-19-1507916998]	{}
60	90	10000.366667	9.285469	13.189119	38.633471	1.329667	140.651543	0	[wc-test-19-1507916998]	{}
90	120	10000.866667	9.210554	12.967935	14.876671	1.313000	52.707657	0	[wc-test-19-1507916998]	{}
120	150	9999.566667	9.397619	13.434879	43.745279	1.354667	158.184151	0	[wc-test-19-1507916998]	{}
150	180	10000.200000	9.376699	13.836287	35.684351	1.449667	106.293312	0	[wc-test-19-1507916998]	{}
180	210	9999.866667	9.393853	13.451263	25.690111	1.298000	161.696480	0	[wc-test-19-1507916998]	{}
210	240	10000.600000	9.354317	13.369343	27.344895	1.302667	108.706215	0	[wc-test-19-1507916998]	{}
240	270	10000.133333	9.218814	13.393919	29.343743	1.375333	83.060310	0	[wc-test-19-1507916998]	{}
270	300	10000.166667	9.178152	13.295615	41.615359	1.295000	129.422424	0	[wc-test-19-1507916998]	{}
