start_time(s)	end_time(s)	rate(tuple/s)	mean(ms)	99%ile(ms)	99.9%ile(ms)	cores	mem(MB)	failed	ids	congested
0	30	1668.866667	44.196735	545.259519	871.890943	2.747333	291.593086	0	[wc-test-21-1507917606]	{}
30	61	5244.677419	10.829308	31.850495	118.554623	2.155161	361.741035	0	[wc-test-21-1507917606]	{}
61	91	5000.233333	9.500791	13.877247	17.317887	2.067333	297.998871	0	[wc-test-21-1507917606]	{}
91	121	4999.800000	9.330407	13.402111	16.662527	1.803333	231.994659	0	[wc-test-21-1507917606]	{}
121	151	5000.233333	9.526411	13.606911	17.252351	1.813333	244.808640	0	[wc-test-21-1507917606]	{}
151	181	4999.833333	9.500318	13.459455	16.441343	1.848000	257.214195	0	[wc-test-21-1507917606]	{}
181	211	5000.266667	9.535769	13.262847	16.580607	1.845667	179.042564	0	[wc-test-21-1507917606]	{}
211	241	5000.000000	9.450926	13.393919	17.006591	1.888667	317.309723	0	[wc-test-21-1507917606]	{}
241	271	5000.166667	9.317434	12.984319	16.121855	1.862667	261.519272	0	[wc-test-21-1507917606]	{}
271	301	4999.933333	9.547822	13.459455	16.908287	1.784667	275.669334	0	[wc-test-21-1507917606]	{}
