start_time(s)	end_time(s)	rate(tuple/s)	mean(ms)	99%ile(ms)	99.9%ile(ms)	cores	mem(MB)	failed	ids	congested
0	30	0.000000	0.000000	0.000000	0.000000	2.138333	335.131271	0	[wc-test-16-1507916075]	{}
30	60	5840.066667	1353.732214	12012.486655	15015.608319	7.094667	553.639442	0	[wc-test-16-1507916075]	{}
60	90	5000.833333	13.129425	24.903679	56.459263	3.130000	453.535728	0	[wc-test-16-1507916075]	{}
90	120	4999.800000	12.967407	21.299199	28.852223	2.788000	403.412239	0	[wc-test-16-1507916075]	{}
120	150	5000.433333	12.691375	21.020671	30.736383	2.755333	489.913795	0	[wc-test-16-1507916075]	{}
150	180	5000.433333	11.849109	19.120127	25.624575	2.768000	410.727669	0	[wc-test-16-1507916075]	{}
180	210	5000.033333	12.573859	20.791295	27.967487	2.919000	518.037613	0	[wc-test-16-1507916075]	{}
210	240	4999.733333	13.000158	21.479423	28.934143	3.086333	407.525009	0	[wc-test-16-1507916075]	{}
240	270	5000.133333	12.726322	19.709951	25.346047	2.796000	411.032646	0	[wc-test-16-1507916075]	{}
270	300	5000.433333	12.618968	21.561343	29.179903	2.799333	509.407097	0	[wc-test-16-1507916075]	{}
