start_time(s)	end_time(s)	rate(tuple/s)	mean(ms)	99%ile(ms)	99.9%ile(ms)	cores	mem(MB)	failed	ids	congested
0	30	5003.566667	15.461660	104.595455	160.694271	1.844000	115.373848	0	[wc-test-20-1507907834]	{}
30	60	10000.133333	9.297604	13.434879	41.025535	1.489333	148.411682	0	[wc-test-20-1507907834]	{}
60	90	9999.866667	9.172919	12.460031	41.353215	1.530667	102.948303	0	[wc-test-20-1507907834]	{}
90	120	10001.000000	9.031081	12.296191	39.354367	1.298333	131.066956	0	[wc-test-20-1507907834]	{}
120	150	10000.200000	9.045525	12.247039	40.763391	1.317667	149.303436	0	[wc-test-20-1507907834]	{}
150	180	9999.600000	9.018642	12.361727	38.371327	1.349333	175.341026	0	[wc-test-20-1507907834]	{}
180	210	10000.600000	9.189692	12.402687	45.711359	1.389000	195.349434	0	[wc-test-20-1507907834]	{}
210	240	10000.100000	8.975720	12.263423	41.189375	1.348000	22.008408	0	[wc-test-20-1507907834]	{}
240	270	10000.233333	8.999445	12.623871	44.007423	1.293667	47.074509	0	[wc-test-20-1507907834]	{}
270	300	10000.900000	9.088438	12.255231	38.371327	1.289667	65.292725	0	[wc-test-20-1507907834]	{}
