start_time(s)	end_time(s)	rate(tuple/s)	mean(ms)	99%ile(ms)	99.9%ile(ms)	cores	mem(MB)	failed	ids	congested
0	30	1665.266667	15.504828	188.219391	352.845823	1.458667	116.812439	0	[wc-test-1-1507902042]	{}
30	60	5002.500000	8.680844	15.048703	50.757631	1.203000	167.465195	0	[wc-test-1-1507902042]	{}
60	90	5000.600000	8.373775	12.099583	20.168703	1.072000	109.110291	0	[wc-test-1-1507902042]	{}
90	120	4999.866667	8.259557	11.665407	23.756799	1.042667	153.225342	0	[wc-test-1-1507902042]	{}
120	150	5000.433333	8.321229	11.763711	30.326783	1.073333	102.174683	0	[wc-test-1-1507902042]	{}
150	180	5000.000000	8.094350	11.214847	13.770751	1.066667	166.224228	0	[wc-test-1-1507902042]	{}
180	211	4838.322581	8.234250	11.460607	22.544383	1.093871	118.647743	0	[wc-test-1-1507902042]	{}
211	241	5000.333333	8.358047	11.714559	20.070399	1.090333	55.290230	0	[wc-test-1-1507902042]	{}
241	271	4999.900000	8.233402	11.616255	20.152319	1.067000	100.755440	0	[wc-test-1-1507902042]	{}
271	301	5000.233333	8.123697	11.337727	18.513919	1.051667	44.252846	0	[wc-test-1-1507902042]	{}
