start_time(s)	end_time(s)	rate(tuple/s)	mean(ms)	99%ile(ms)	99.9%ile(ms)	cores	mem(MB)	failed	ids	congested
0	30	13333.266667	106.782387	967.311359	1062.731775	2.901667	76.702393	0	[wc-test-21-1507908138]	{}
30	60	19998.500000	11.108940	15.359999	28.819455	1.813333	116.090691	0	[wc-test-21-1507908138]	{}
60	90	20001.666667	11.070829	14.467071	30.343167	1.713333	73.202820	0	[wc-test-21-1507908138]	{}
90	120	20000.800000	11.199541	14.335999	31.260671	1.703333	106.326553	0	[wc-test-21-1507908138]	{}
120	150	19999.500000	11.012763	13.877247	17.301503	1.664667	44.829521	0	[wc-test-21-1507908138]	{}
150	180	20001.000000	11.081678	14.868479	28.131327	1.796000	88.508537	0	[wc-test-21-1507908138]	{}
180	210	19999.266667	11.092493	14.114815	28.622847	1.717667	214.933228	0	[wc-test-21-1507908138]	{}
210	240	20002.366667	11.056871	14.270463	32.456703	1.752000	146.063835	0	[wc-test-21-1507908138]	{}
240	270	19999.166667	11.082518	13.795327	17.317887	1.636000	172.530426	0	[wc-test-21-1507908138]	{}
270	300	19999.700000	11.100901	14.491647	27.836415	1.673333	97.673668	0	[wc-test-21-1507908138]	{}
