start_time(s)	end_time(s)	rate(tuple/s)	mean(ms)	99%ile(ms)	99.9%ile(ms)	cores	mem(MB)	failed	ids	congested
0	30	5836.933333	4561.773265	9646.899199	9806.282751	4.191667	452.775040	0	[wc-test-14-1507906003]	{}
30	61	9678.096774	10.509842	16.498687	29.966335	2.285806	445.463799	0	[wc-test-14-1507906003]	{}
61	91	10000.666667	9.954746	14.237695	37.224447	2.135667	489.349060	0	[wc-test-14-1507906003]	{}
91	121	9999.333333	9.948567	13.524991	16.613375	2.072333	422.341965	0	[wc-test-14-1507906003]	{}
121	151	10000.666667	9.886009	13.697023	17.432575	2.114667	460.278366	0	[wc-test-14-1507906003]	{}
151	181	10000.300000	9.921501	13.713407	16.646143	2.061333	490.616028	0	[wc-test-14-1507906003]	{}
181	211	10000.133333	10.060156	13.910015	17.072127	2.072333	519.948753	0	[wc-test-14-1507906003]	{}
211	241	10000.233333	9.884677	13.500415	16.809983	2.312000	464.472351	0	[wc-test-14-1507906003]	{}
241	271	10000.266667	10.057121	14.073855	23.691263	2.057000	380.013458	0	[wc-test-14-1507906003]	{}
271	301	9999.600000	9.824368	13.451263	16.826367	2.031667	403.198891	0	[wc-test-14-1507906003]	{}
