start_time(s)	end_time(s)	rate(tuple/s)	mean(ms)	99%ile(ms)	99.9%ile(ms)	cores	mem(MB)	failed	ids	congested
0	30	6672.100000	38.116786	400.818175	511.705087	4.160667	242.391121	0	[wc-test-5-1507903259]	{}
30	60	10000.566667	9.519280	15.163391	35.848191	2.318000	352.573433	0	[wc-test-5-1507903259]	{}
60	90	10000.633333	9.042405	13.680639	22.970367	2.236333	83.445137	0	[wc-test-5-1507903259]	{}
90	120	10000.500000	9.436366	14.065663	42.041343	2.192667	227.650932	0	[wc-test-5-1507903259]	{}
120	150	9999.666667	9.566908	14.450687	30.818303	2.272000	269.325325	0	[wc-test-5-1507903259]	{}
150	180	10000.033333	9.123266	13.443071	42.205183	2.278333	230.414536	0	[wc-test-5-1507903259]	{}
180	210	10000.133333	9.375419	13.852671	24.510463	2.310000	165.780617	0	[wc-test-5-1507903259]	{}
210	240	10000.166667	9.420218	14.327807	43.155455	2.353000	212.736366	0	[wc-test-5-1507903259]	{}
240	270	10000.566667	9.296589	13.606911	38.666239	2.089333	262.363365	0	[wc-test-5-1507903259]	{}
270	300	9999.333333	9.156825	14.008319	41.517055	2.264667	216.561363	0	[wc-test-5-1507903259]	{}
