start_time(s)	end_time(s)	rate(tuple/s)	mean(ms)	99%ile(ms)	99.9%ile(ms)	cores	mem(MB)	failed	ids	congested
0	30	65.466667	9519.750284	9789.505535	9789.505535	2.167667	152.152733	0	[wc-test-22-1507908442]	{}
30	60	6188.666667	1091.085275	9453.961215	9848.225791	3.168333	299.801071	0	[wc-test-22-1507908442]	{}
60	90	4999.933333	9.563535	13.729791	18.104319	1.999667	237.692772	0	[wc-test-22-1507908442]	{}
90	120	5000.366667	9.764975	13.721599	17.399807	1.989333	268.782288	0	[wc-test-22-1507908442]	{}
120	150	4999.800000	9.589452	13.254655	16.728063	1.989333	210.904900	0	[wc-test-22-1507908442]	{}
150	180	5000.266667	9.629030	13.565951	17.137663	1.977667	245.483826	0	[wc-test-22-1507908442]	{}
180	210	5000.166667	9.641759	13.262847	17.514495	2.023333	189.127426	0	[wc-test-22-1507908442]	{}
210	240	5000.033333	9.763398	13.451263	17.154047	2.008333	211.316841	0	[wc-test-22-1507908442]	{}
240	270	4999.933333	9.490845	13.959167	17.989631	1.992333	343.567116	0	[wc-test-22-1507908442]	{}
270	300	5000.033333	9.631105	13.524991	16.859135	1.932667	289.467461	0	[wc-test-22-1507908442]	{}
