start_time(s)	end_time(s)	rate(tuple/s)	mean(ms)	99%ile(ms)	99.9%ile(ms)	cores	mem(MB)	failed	ids	congested
0	30	2083.666667	29.451979	344.195071	458.489855	2.700333	213.987724	0	[wc-test-4-1507902955]	{}
30	61	5245.387097	9.675852	19.709951	78.905343	2.479677	180.444511	0	[wc-test-4-1507902955]	{}
61	91	4999.966667	8.977483	13.697023	22.036479	1.992667	208.818695	0	[wc-test-4-1507902955]	{}
91	121	5000.133333	8.771238	13.090815	18.513919	2.127333	239.075363	0	[wc-test-4-1507902955]	{}
121	151	4999.833333	8.849871	13.402111	20.676607	2.005333	180.348808	0	[wc-test-4-1507902955]	{}
151	181	5417.066667	8.844735	13.082623	19.628031	2.059667	225.540802	0	[wc-test-4-1507902955]	{}
181	211	4999.833333	8.788410	12.795903	16.146431	2.040667	171.052818	0	[wc-test-4-1507902955]	{}
211	241	5000.133333	8.972121	13.172735	29.360127	2.052667	292.889244	0	[wc-test-4-1507902955]	{}
241	271	5000.066667	8.846368	13.467647	17.629183	2.020000	233.102417	0	[wc-test-4-1507902955]	{}
271	301	5000.066667	9.055858	13.156351	19.218431	2.172000	280.881363	0	[wc-test-4-1507902955]	{}
