start_time(s)	end_time(s)	rate(tuple/s)	mean(ms)	99%ile(ms)	99.9%ile(ms)	cores	mem(MB)	failed	ids	congested
0	30	13341.100000	102.866731	893.386751	933.756927	2.780667	141.424362	0	[wc-test-3-1508009309]	{}
30	60	19999.400000	9.395883	14.360575	32.194559	1.859667	49.041481	0	[wc-test-3-1508009309]	{}
60	91	19355.419355	8.961879	12.574719	22.888447	1.796129	28.478844	0	[wc-test-3-1508009309]	{}
91	121	19999.733333	9.104764	12.607487	16.736255	1.843667	190.939194	0	[wc-test-3-1508009309]	{}
121	151	20000.433333	9.248436	13.082623	26.771455	1.948333	152.084869	0	[wc-test-3-1508009309]	{}
151	181	20001.066667	9.202967	12.353535	15.753215	1.914000	97.234238	0	[wc-test-3-1508009309]	{}
181	211	20000.066667	9.135618	12.500991	31.604735	1.853667	146.291603	0	[wc-test-3-1508009309]	{}
211	241	20000.633333	8.686942	12.206079	24.641535	1.864000	121.601189	0	[wc-test-3-1508009309]	{}
241	271	20000.633333	8.866078	12.599295	47.644671	1.852333	175.795616	0	[wc-test-3-1508009309]	{}
271	301	19999.733333	9.017856	12.558335	26.427391	1.866000	136.711533	0	[wc-test-3-1508009309]	{}
