start_time(s)	end_time(s)	rate(tuple/s)	mean(ms)	99%ile(ms)	99.9%ile(ms)	cores	mem(MB)	failed	ids	congested
0	31	9691.354839	3936.444538	11056.185343	11467.227135	2.884839	223.760635	0	[wc-test-21-1508014792]	{}
31	61	20003.866667	9.883600	14.270463	20.430847	1.823000	320.426651	0	[wc-test-21-1508014792]	{}
61	91	20000.300000	9.923282	14.565375	19.447807	1.848000	316.027046	0	[wc-test-21-1508014792]	{}
91	121	19999.333333	9.896241	14.491647	19.251199	1.853000	303.423225	0	[wc-test-21-1508014792]	{}
121	151	20000.733333	9.842059	13.811711	17.465343	1.922000	199.230782	0	[wc-test-21-1508014792]	{}
151	181	20001.233333	9.881712	13.885439	17.317887	1.837000	202.204369	0	[wc-test-21-1508014792]	{}
181	211	20001.900000	9.992942	14.467071	18.808831	1.829667	285.497810	0	[wc-test-21-1508014792]	{}
211	241	19999.966667	9.835763	13.778943	17.596415	1.908000	267.299660	0	[wc-test-21-1508014792]	{}
241	271	19999.066667	9.788792	13.877247	18.399231	1.791333	270.564209	0	[wc-test-21-1508014792]	{}
271	301	20001.066667	9.959935	14.008319	17.432575	1.835667	254.017914	0	[wc-test-21-1508014792]	{}
