start_time(s)	end_time(s)	rate(tuple/s)	mean(ms)	99%ile(ms)	99.9%ile(ms)	cores	mem(MB)	failed	ids	congested
0	30	6670.866667	14.278043	156.237823	212.467711	2.367000	79.285141	0	[wc-test-11-1508011747]	{}
30	60	9999.866667	8.199990	12.001279	36.929535	1.423000	117.604118	0	[wc-test-11-1508011747]	{}
60	90	10000.866667	8.222593	11.722751	40.206335	1.372333	30.524338	0	[wc-test-11-1508011747]	{}
90	120	10000.200000	8.032995	11.444223	23.461887	1.367667	166.604614	0	[wc-test-11-1508011747]	{}
120	151	9676.967742	8.176834	11.804671	36.175871	1.405484	86.813049	0	[wc-test-11-1508011747]	{}
151	181	10000.566667	7.967625	11.214847	39.911423	1.509000	130.027122	0	[wc-test-11-1508011747]	{}
181	211	10000.166667	8.018685	11.124735	24.920063	1.374000	53.497322	0	[wc-test-11-1508011747]	{}
211	241	10000.333333	8.131628	11.608063	35.913727	1.373000	179.288094	0	[wc-test-11-1508011747]	{}
241	271	9999.833333	8.063323	11.288575	23.183359	1.352667	112.754662	0	[wc-test-11-1508011747]	{}
271	301	10000.966667	8.055539	11.378687	20.054015	1.367000	140.640121	0	[wc-test-11-1508011747]	{}
