start_time(s)	end_time(s)	rate(tuple/s)	mean(ms)	99%ile(ms)	99.9%ile(ms)	cores	mem(MB)	failed	ids	congested
0	30	601.133333	3823.180708	9193.914367	9219.080191	1.022333	71.404419	0	[wc-test-12-1508012051]	{}
30	60	22739.433333	1277.199991	10309.599231	10796.138495	3.139000	259.992142	0	[wc-test-12-1508012051]	{}
60	91	19355.064516	10.225141	14.450687	25.608191	1.749032	267.250763	0	[wc-test-12-1508012051]	{}
91	121	20000.833333	10.300359	14.041087	17.301503	1.777000	271.384529	0	[wc-test-12-1508012051]	{}
121	151	20001.533333	10.037342	13.893631	16.875519	1.816333	187.800262	0	[wc-test-12-1508012051]	{}
151	181	20001.533333	10.206266	14.065663	17.498111	1.920000	315.540771	0	[wc-test-12-1508012051]	{}
181	211	19999.466667	10.187054	13.877247	17.088511	1.875000	331.005806	0	[wc-test-12-1508012051]	{}
211	241	19999.966667	10.050911	13.828095	17.039359	1.793000	263.226761	0	[wc-test-12-1508012051]	{}
241	271	19999.266667	9.976414	13.737983	17.006591	1.777000	282.324249	0	[wc-test-12-1508012051]	{}
271	301	20000.800000	10.202398	14.032895	17.121279	1.788333	303.986267	0	[wc-test-12-1508012051]	{}
