start_time(s)	end_time(s)	rate(tuple/s)	mean(ms)	99%ile(ms)	99.9%ile(ms)	cores	mem(MB)	failed	ids	congested
0	30	3334.233333	13.470230	143.261695	302.776319	2.074000	119.525230	0	[wc-test-1-1508008700]	{}
30	61	4839.548387	8.020575	11.649023	20.692991	1.159032	166.692177	0	[wc-test-1-1508008700]	{}
61	91	4999.966667	8.009540	11.411455	22.495231	1.161000	133.642448	0	[wc-test-1-1508008700]	{}
91	121	5000.233333	7.762813	10.862591	12.632063	1.149000	93.984398	0	[wc-test-1-1508008700]	{}
121	151	5000.100000	7.865350	10.960895	17.219583	1.191667	52.334785	0	[wc-test-1-1508008700]	{}
151	181	5000.166667	7.811094	11.018239	12.886015	1.275667	106.106110	0	[wc-test-1-1508008700]	{}
181	211	5000.233333	7.780529	10.862591	17.383423	1.125000	166.177925	0	[wc-test-1-1508008700]	{}
211	241	5000.033333	7.861005	10.919935	20.267007	1.119000	109.461723	0	[wc-test-1-1508008700]	{}
241	271	5000.166667	7.776336	10.887167	13.500415	1.105333	77.568672	0	[wc-test-1-1508008700]	{}
271	301	5000.133333	7.848097	10.977279	17.563647	1.141667	36.568748	0	[wc-test-1-1508008700]	{}
