start_time(s)	end_time(s)	rate(tuple/s)	mean(ms)	99%ile(ms)	99.9%ile(ms)	cores	mem(MB)	failed	ids	congested
0	30	3334.000000	12.059095	79.626239	294.649855	1.994333	181.728683	0	[wc-test-10-1508011443]	{}
30	60	4999.933333	7.860744	11.214847	29.638655	1.239667	109.057304	0	[wc-test-10-1508011443]	{}
60	90	5000.333333	7.871483	10.969087	13.303807	1.149667	129.521492	0	[wc-test-10-1508011443]	{}
90	121	4838.870968	7.846746	11.001855	22.626303	1.121613	152.586327	0	[wc-test-10-1508011443]	{}
121	151	5000.000000	7.760782	10.846207	12.722175	1.197333	83.588448	0	[wc-test-10-1508011443]	{}
151	181	5000.400000	7.722344	10.780671	13.377535	1.287333	122.177200	0	[wc-test-10-1508011443]	{}
181	211	4999.866667	7.828021	10.895359	20.479999	1.145000	41.769150	0	[wc-test-10-1508011443]	{}
211	241	5000.400000	7.722267	10.764287	12.861439	1.126333	154.625900	0	[wc-test-10-1508011443]	{}
241	271	5000.100000	7.885361	11.124735	26.591231	1.134000	190.876373	0	[wc-test-10-1508011443]	{}
271	301	4999.666667	7.739960	10.698751	12.615679	1.132000	118.896736	0	[wc-test-10-1508011443]	{}
