start_time(s)	end_time(s)	rate(tuple/s)	mean(ms)	99%ile(ms)	99.9%ile(ms)	cores	mem(MB)	failed	ids	congested
0	30	3337.200000	24.014660	331.087871	398.196735	1.765000	189.085793	0	[wc-test-2-1508009005]	{}
30	60	10000.766667	8.336346	13.352959	47.251455	1.582333	164.616867	0	[wc-test-2-1508009005]	{}
60	90	10000.566667	8.072891	11.427839	29.687807	1.405000	23.974823	0	[wc-test-2-1508009005]	{}
90	120	10000.133333	8.017327	11.501567	37.322751	1.400667	88.570389	0	[wc-test-2-1508009005]	{}
120	150	10000.000000	8.122175	11.812863	43.646975	1.400667	129.653481	0	[wc-test-2-1508009005]	{}
150	180	10000.166667	7.871754	11.001855	29.114367	1.577000	98.789673	0	[wc-test-2-1508009005]	{}
180	210	10000.000000	8.114391	11.370495	36.536319	1.383000	151.422714	0	[wc-test-2-1508009005]	{}
210	240	9999.900000	8.104560	11.624447	36.995071	1.379000	102.091370	0	[wc-test-2-1508009005]	{}
240	270	10000.366667	8.005817	11.124735	18.644991	1.345000	148.259171	0	[wc-test-2-1508009005]	{}
270	300	10000.266667	8.017724	11.616255	38.633471	1.394333	111.099190	0	[wc-test-2-1508009005]	{}
