start_time(s)	end_time(s)	rate(tuple/s)	mean(ms)	99%ile(ms)	99.9%ile(ms)	cores	mem(MB)	failed	ids	congested
0	30	5005.500000	1798.639177	9487.515647	10141.827071	2.332667	165.001762	0	[wc-test-20-1508014488]	{}
30	60	10000.600000	9.577844	13.066239	18.530303	1.456667	239.446487	0	[wc-test-20-1508014488]	{}
60	90	9999.433333	9.494647	12.435455	15.630335	1.380333	202.307899	0	[wc-test-20-1508014488]	{}
90	120	9999.800000	9.834350	13.000703	26.935295	1.384667	271.693420	0	[wc-test-20-1508014488]	{}
120	150	10000.233333	9.648738	12.656639	16.703487	1.406667	151.103836	0	[wc-test-20-1508014488]	{}
150	180	10000.066667	9.701324	12.648447	21.102591	1.508667	232.719681	0	[wc-test-20-1508014488]	{}
180	210	10000.333333	9.699512	12.673023	15.966207	1.330000	204.652824	0	[wc-test-20-1508014488]	{}
210	240	9999.866667	9.810555	12.935167	22.167551	1.335667	165.399200	0	[wc-test-20-1508014488]	{}
240	270	10000.600000	9.769212	12.697599	16.416767	1.341667	231.954163	0	[wc-test-20-1508014488]	{}
270	300	10000.366667	9.537723	12.247039	14.835711	1.321000	203.634552	0	[wc-test-20-1508014488]	{}
