start_time(s)	end_time(s)	rate(tuple/s)	mean(ms)	99%ile(ms)	99.9%ile(ms)	cores	mem(MB)	failed	ids	congested
0	31	410.516129	5423.461266	9412.018175	9529.458687	0.856129	113.872147	0	[wc-test-19-1508014184]	{}
31	61	5410.800000	278.985519	6408.896511	7830.765567	2.311333	142.259499	0	[wc-test-19-1508014184]	{}
61	91	5000.033333	9.463152	12.247039	17.547263	1.164333	134.667870	0	[wc-test-19-1508014184]	{}
91	121	5000.000000	9.407831	12.124159	14.008319	1.155000	131.007141	0	[wc-test-19-1508014184]	{}
121	151	5000.166667	9.444394	12.156927	14.884863	1.155667	133.513420	0	[wc-test-19-1508014184]	{}
151	181	5000.000000	9.486162	12.312575	34.242559	1.361333	132.116394	0	[wc-test-19-1508014184]	{}
181	211	5000.066667	9.428480	12.124159	15.130623	1.125667	127.084480	0	[wc-test-19-1508014184]	{}
211	241	4999.633333	9.462901	12.148735	15.122431	1.133333	120.248436	0	[wc-test-19-1508014184]	{}
241	271	5000.400000	9.426479	12.255231	26.165247	1.171333	218.610161	0	[wc-test-19-1508014184]	{}
271	301	4999.900000	9.347258	12.124159	14.450687	1.113333	125.977631	0	[wc-test-19-1508014184]	{}
