start_time(s)	end_time(s)	rate(tuple/s)	mean(ms)	99%ile(ms)	99.9%ile(ms)	cores	mem(MB)	failed	ids	congested
0	30	757.933333	3568.812816	9151.971327	9512.681471	2.061000	246.621666	0	[wc-test-22-1508015096]	{}
30	61	5318.870968	336.591884	5851.054079	7046.430719	3.331290	263.428246	0	[wc-test-22-1508015096]	{}
61	91	4999.900000	9.592788	14.925823	20.332543	2.077667	280.371292	0	[wc-test-22-1508015096]	{}
91	121	5000.133333	9.304897	14.204927	19.021823	2.009667	226.328613	0	[wc-test-22-1508015096]	{}
121	151	5000.200000	9.227687	14.049279	17.825791	2.100000	195.410149	0	[wc-test-22-1508015096]	{}
151	181	5000.000000	9.309865	13.901823	20.004863	2.105000	259.810333	0	[wc-test-22-1508015096]	{}
181	211	5000.033333	9.356349	13.803519	18.268159	2.151333	223.173973	0	[wc-test-22-1508015096]	{}
211	241	4999.866667	9.197547	13.729791	17.301503	2.017000	263.496445	0	[wc-test-22-1508015096]	{}
241	271	5000.100000	9.301581	13.631487	19.103743	2.121667	320.255890	0	[wc-test-22-1508015096]	{}
271	301	5000.400000	9.242985	13.983743	17.760255	2.049333	197.549362	0	[wc-test-22-1508015096]	{}
