start_time(s)	end_time(s)	rate(tuple/s)	mean(ms)	99%ile(ms)	99.9%ile(ms)	cores	mem(MB)	failed	ids	congested
0	30	6675.166667	46.196921	527.958015	722.993151	4.234000	197.421883	0	[wc-test-23-1508015400]	{}
30	61	9676.580645	8.692696	15.679487	33.210367	2.484516	192.878723	0	[wc-test-23-1508015400]	{}
61	91	10001.566667	8.369054	14.032895	35.979263	2.501667	156.096222	0	[wc-test-23-1508015400]	{}
91	121	10000.100000	8.393746	13.852671	35.880959	2.472667	202.247177	0	[wc-test-23-1508015400]	{}
121	151	9998.966667	8.490507	13.238271	19.316735	2.531000	216.580452	0	[wc-test-23-1508015400]	{}
151	181	10000.766667	8.754669	13.975551	48.660479	2.453333	212.456573	0	[wc-test-23-1508015400]	{}
181	211	10001.266667	8.529242	13.492223	35.979263	2.488667	236.338844	0	[wc-test-23-1508015400]	{}
211	241	10000.066667	8.432618	13.287423	37.388287	2.541000	168.751640	0	[wc-test-23-1508015400]	{}
241	271	9999.666667	8.413481	13.770751	45.907967	2.470000	206.420563	0	[wc-test-23-1508015400]	{}
271	301	10000.433333	8.465844	13.131775	23.216127	2.393000	223.436028	0	[wc-test-23-1508015400]	{}
