start_time(s)	end_time(s)	rate(tuple/s)	mean(ms)	99%ile(ms)	99.9%ile(ms)	cores	mem(MB)	failed	ids	congested
0	30	2502.233333	1685.825684	9554.624511	10343.153663	3.892667	227.646400	0	[wc-test-13-1508012355]	{}
30	61	4839.225806	10.248464	16.842751	27.508735	2.156129	210.372536	0	[wc-test-13-1508012355]	{}
61	91	5000.000000	9.957743	14.589951	19.382271	2.008667	126.159958	0	[wc-test-13-1508012355]	{}
91	121	4999.900000	9.680820	14.008319	17.383423	2.041000	254.986053	0	[wc-test-13-1508012355]	{}
121	151	5000.333333	9.892648	14.278655	18.186239	2.090000	279.024246	0	[wc-test-13-1508012355]	{}
151	181	5000.033333	9.735392	13.754367	17.317887	2.078333	300.608284	0	[wc-test-13-1508012355]	{}
181	211	5000.166667	10.039167	14.139391	17.973247	2.064000	229.362900	0	[wc-test-13-1508012355]	{}
211	241	5000.100000	9.971640	14.188543	18.939903	2.129000	147.783913	0	[wc-test-13-1508012355]	{}
241	271	5000.000000	10.162514	14.270463	17.432575	2.095333	247.468903	0	[wc-test-13-1508012355]	{}
271	301	5000.133333	10.091159	14.319615	17.891327	2.139000	258.671272	0	[wc-test-13-1508012355]	{}
