start_time(s)	end_time(s)	rate(tuple/s)	mean(ms)	99%ile(ms)	99.9%ile(ms)	cores	mem(MB)	failed	ids	congested
0	30	3339.133333	72.757080	509.870079	623.378431	2.998667	331.812393	0	[wc-test-5-1508009917]	{}
30	61	9682.064516	9.712697	21.479423	89.653247	2.789032	201.314690	0	[wc-test-5-1508009917]	{}
61	91	10000.433333	8.491929	13.975551	36.110335	2.520667	304.049294	0	[wc-test-5-1508009917]	{}
91	121	9999.666667	8.308996	12.869631	16.302079	2.447000	222.899246	0	[wc-test-5-1508009917]	{}
121	151	10000.366667	8.368361	13.418495	37.486591	2.524667	229.465141	0	[wc-test-5-1508009917]	{}
151	181	10000.266667	8.432533	13.672447	38.174719	2.586000	148.018280	0	[wc-test-5-1508009917]	{}
181	211	9997.300000	8.456440	13.205503	29.458431	2.581333	261.384834	0	[wc-test-5-1508009917]	{}
211	241	10003.100000	8.333835	13.041663	19.054591	2.543333	264.072998	0	[wc-test-5-1508009917]	{}
241	271	10000.733333	8.602371	14.671871	49.053695	2.691667	227.616798	0	[wc-test-5-1508009917]	{}
271	301	9999.600000	8.417653	13.369343	21.446655	2.451667	243.706177	0	[wc-test-5-1508009917]	{}
