start_time(s)	end_time(s)	rate(tuple/s)	mean(ms)	99%ile(ms)	99.9%ile(ms)	cores	mem(MB)	failed	ids	congested
0	30	3336.666667	39.194407	648.019967	810.549247	3.898667	260.718567	0	[wc-test-4-1508009613]	{}
30	60	5000.166667	9.596485	14.565375	19.546111	2.145667	225.054604	0	[wc-test-4-1508009613]	{}
60	90	5000.000000	9.528985	13.598719	17.776639	2.045000	196.673775	0	[wc-test-4-1508009613]	{}
90	121	4838.806452	9.532343	13.492223	18.759679	1.971290	160.250366	0	[wc-test-4-1508009613]	{}
121	151	5000.133333	9.496361	13.615103	16.703487	2.068667	231.864937	0	[wc-test-4-1508009613]	{}
151	181	4999.966667	9.506997	13.426687	16.572415	2.098667	219.754784	0	[wc-test-4-1508009613]	{}
181	211	5000.000000	9.492976	13.606911	17.596415	2.157000	98.817574	0	[wc-test-4-1508009613]	{}
211	241	5000.300000	9.499276	13.492223	17.039359	2.105333	160.741806	0	[wc-test-4-1508009613]	{}
241	271	5000.033333	9.509809	13.672447	17.481727	2.014000	241.645157	0	[wc-test-4-1508009613]	{}
271	301	5000.066667	9.471967	13.688831	17.317887	2.166333	418.391350	0	[wc-test-4-1508009613]	{}
