start_time(s)	end_time(s)	rate(tuple/s)	mean(ms)	99%ile(ms)	99.9%ile(ms)	cores	mem(MB)	failed	ids	congested
0	30	5007.533333	2187.918124	9797.894143	10779.361279	4.318000	253.962120	0	[wc-test-14-1508012659]	{}
30	61	9679.000000	10.833064	18.464767	37.126143	2.614194	272.797791	0	[wc-test-14-1508012659]	{}
61	91	10000.266667	10.413239	15.392767	28.491775	2.306333	378.959419	0	[wc-test-14-1508012659]	{}
91	121	10000.133333	10.235635	14.671871	28.753919	2.333333	375.928123	0	[wc-test-14-1508012659]	{}
121	151	10000.300000	10.250707	14.680063	18.120703	2.374333	371.654854	0	[wc-test-14-1508012659]	{}
151	181	9999.966667	10.394232	14.852095	24.281087	2.354333	246.846405	0	[wc-test-14-1508012659]	{}
181	211	9999.933333	10.265616	14.827519	27.377663	2.342000	239.919144	0	[wc-test-14-1508012659]	{}
211	241	10000.566667	10.387476	14.794751	22.511615	2.432000	201.283653	0	[wc-test-14-1508012659]	{}
241	271	9999.633333	10.178229	14.376959	18.677759	2.276333	188.259750	0	[wc-test-14-1508012659]	{}
271	301	10000.466667	10.336003	14.753791	19.578879	2.265000	276.426857	0	[wc-test-14-1508012659]	{}
