start_time(s)	end_time(s)	rate(tuple/s)	mean(ms)	99%ile(ms)	99.9%ile(ms)	cores	mem(MB)	failed	ids	congested
0	30	2504.533333	2968.908269	10880.024575	11853.103103	6.119667	501.494652	0	[wc-test-7-1508010526]	{}
30	61	4842.709677	16.932628	105.971711	234.618879	4.881290	495.189339	0	[wc-test-7-1508010526]	{}
61	91	5000.200000	12.744775	24.739839	34.144255	3.240333	376.469635	0	[wc-test-7-1508010526]	{}
91	121	5000.133333	12.571316	22.102015	28.917759	3.157667	459.627060	0	[wc-test-7-1508010526]	{}
121	151	4999.300000	12.513922	22.003711	30.392319	3.185000	447.039284	0	[wc-test-7-1508010526]	{}
151	181	5001.200000	12.552969	22.544383	34.209791	3.223000	539.984879	0	[wc-test-7-1508010526]	{}
181	211	5000.133333	12.495869	21.577727	27.672575	3.276333	530.605072	0	[wc-test-7-1508010526]	{}
211	241	5000.100000	12.425852	21.757951	31.227903	3.510000	421.619484	0	[wc-test-7-1508010526]	{}
241	271	5000.000000	12.448395	21.397503	28.409855	3.213333	500.824951	0	[wc-test-7-1508010526]	{}
271	301	4999.733333	12.368132	21.118975	28.082175	3.132000	587.800552	0	[wc-test-7-1508010526]	{}
