start_time(s)	end_time(s)	rate(tuple/s)	mean(ms)	99%ile(ms)	99.9%ile(ms)	cores	mem(MB)	failed	ids	congested
0	31	0.000000	0.000000	0.000000	0.000000	0.000000	0.000000	0	[wc-test-25-1508016008]	{}
31	61	5644.633333	1293.348332	10309.599231	11257.511935	10.382000	426.715729	0	[wc-test-25-1508016008]	{}
61	91	5000.133333	12.824199	23.838719	34.963455	3.387667	500.826363	0	[wc-test-25-1508016008]	{}
91	122	4838.838710	12.604772	23.035903	32.522239	3.113871	488.339287	0	[wc-test-25-1508016008]	{}
122	152	5000.333333	12.532034	21.872639	29.425663	3.208000	474.444695	0	[wc-test-25-1508016008]	{}
152	182	5000.133333	12.508608	22.200319	30.081023	3.262333	364.326523	0	[wc-test-25-1508016008]	{}
182	212	5000.300000	12.521062	22.265855	31.244287	3.332333	462.218567	0	[wc-test-25-1508016008]	{}
212	242	4999.900000	12.460483	21.676031	30.162943	3.352667	549.043419	0	[wc-test-25-1508016008]	{}
242	272	5000.300000	12.539180	22.364159	31.113215	3.305333	338.443893	0	[wc-test-25-1508016008]	{}
272	302	4999.700000	12.433982	21.331967	28.098559	3.168000	626.540794	0	[wc-test-25-1508016008]	{}
