start_time(s)	end_time(s)	rate(tuple/s)	mean(ms)	99%ile(ms)	99.9%ile(ms)	cores	mem(MB)	failed	ids	congested
0	30	4603.700000	2856.781727	10779.361279	11559.501823	5.909667	451.944351	0	[wc-test-26-1508016313]	{}
30	60	10029.766667	27.256967	194.117631	418.643967	7.406000	645.872154	0	[wc-test-26-1508016313]	{}
60	91	9677.161290	13.560647	30.490623	49.905663	4.095484	469.572517	0	[wc-test-26-1508016313]	{}
91	121	10000.266667	13.165851	27.312127	59.670527	3.912667	462.538216	0	[wc-test-26-1508016313]	{}
121	151	10001.366667	13.053982	26.247167	36.208639	3.958667	449.390160	0	[wc-test-26-1508016313]	{}
151	181	10000.766667	13.007457	26.247167	38.371327	3.897333	537.267700	0	[wc-test-26-1508016313]	{}
181	211	9998.266667	12.877948	24.477695	32.079871	4.039000	736.261719	0	[wc-test-26-1508016313]	{}
211	241	10001.200000	13.390997	31.932415	96.534527	3.932333	410.969536	0	[wc-test-26-1508016313]	{}
241	271	10000.866667	13.103345	28.704767	60.948479	3.855000	511.847954	0	[wc-test-26-1508016313]	{}
271	301	10000.033333	12.917039	25.870335	39.026687	3.900000	392.169769	0	[wc-test-26-1508016313]	{}
