start_time(s)	end_time(s)	rate(tuple/s)	mean(ms)	99%ile(ms)	99.9%ile(ms)	cores	mem(MB)	failed	ids	congested
0	30	0.000000	0.000000	0.000000	0.000000	0.000000	0.000000	0	[wc-test-17-1508013573]	{}
30	62	10545.531250	1240.500907	10829.692927	12423.528447	10.418750	520.589043	0	[wc-test-17-1508013573]	{}
62	92	10013.900000	14.390443	42.893311	158.728191	4.329333	551.668755	0	[wc-test-17-1508013573]	{}
92	122	10001.100000	13.168124	27.639807	56.492031	3.927667	666.441093	0	[wc-test-17-1508013573]	{}
122	152	9999.100000	12.972895	25.198591	36.536319	3.909667	584.411812	0	[wc-test-17-1508013573]	{}
152	182	10001.166667	13.008659	25.657343	35.061759	3.937333	487.214684	0	[wc-test-17-1508013573]	{}
182	212	10000.233333	13.056485	26.689535	37.060607	4.019000	613.517235	0	[wc-test-17-1508013573]	{}
212	242	10000.233333	12.922348	25.018367	38.010879	3.981000	542.854301	0	[wc-test-17-1508013573]	{}
242	272	10000.433333	13.273316	30.572543	61.505535	4.045000	445.725029	0	[wc-test-17-1508013573]	{}
272	302	9999.833333	12.909565	24.412159	36.831231	3.915667	584.171852	0	[wc-test-17-1508013573]	{}
