start_time(s)	end_time(s)	rate(tuple/s)	mean(ms)	99%ile(ms)	99.9%ile(ms)	cores	mem(MB)	failed	ids	congested
0	30	0.000000	0.000000	0.000000	0.000000	0.000000	0.000000	0	[wc-test-16-1508013268]	{}
30	61	6663.709677	279.959899	6970.933247	9512.681471	10.905161	480.693916	0	[wc-test-16-1508013268]	{}
61	91	5000.100000	12.767155	23.609343	33.259519	3.274000	635.689415	0	[wc-test-16-1508013268]	{}
91	121	5000.333333	12.608212	22.331391	28.704767	3.203000	580.452103	0	[wc-test-16-1508013268]	{}
121	151	4999.966667	12.516578	22.315007	30.654463	3.287000	632.861908	0	[wc-test-16-1508013268]	{}
151	181	5000.100000	12.581055	23.035903	32.325631	3.255667	475.059700	0	[wc-test-16-1508013268]	{}
181	211	4999.966667	12.448216	21.757951	29.769727	3.333667	535.202309	0	[wc-test-16-1508013268]	{}
211	241	5000.433333	12.509868	22.183935	29.884415	3.314667	592.255562	0	[wc-test-16-1508013268]	{}
241	271	5000.066667	12.354603	21.561343	29.163519	3.213667	468.466743	0	[wc-test-16-1508013268]	{}
271	301	5000.033333	12.526862	22.773759	31.408127	3.192000	416.204681	0	[wc-test-16-1508013268]	{}
