start_time(s)	end_time(s)	rate(tuple/s)	mean(ms)	99%ile(ms)	99.9%ile(ms)	cores	mem(MB)	failed	ids	congested
0	30	1659.866667	30.877277	617.086975	802.684927	1.487000	108.620193	0	[wc-test-1-1507929079]	{}
30	60	5004.433333	8.701561	15.155199	52.789247	1.272000	183.290718	0	[wc-test-1-1507929079]	{}
60	90	5006.033333	75.595202	11.870207	59726.888959	1.098333	154.277908	180	[wc-test-1-1507929079]	{}
90	121	4838.741935	8.371881	11.698175	13.574143	1.061613	115.206078	0	[wc-test-1-1507929079]	{}
121	151	4999.766667	8.386260	11.804671	22.757375	1.074667	74.416412	0	[wc-test-1-1507929079]	{}
151	181	5000.266667	8.402245	11.853823	23.199743	1.192333	135.258003	0	[wc-test-1-1507929079]	{}
181	211	5000.133333	8.435019	11.812863	21.266431	1.104000	95.105545	0	[wc-test-1-1507929079]	{}
211	241	5000.300000	8.267984	11.771903	26.738687	1.120333	59.044792	0	[wc-test-1-1507929079]	{}
241	271	4999.866667	8.194532	11.247615	22.429695	1.034333	124.639267	0	[wc-test-1-1507929079]	{}
271	301	4999.866667	8.143439	11.395071	23.298047	1.052000	88.004333	0	[wc-test-1-1507929079]	{}
