start_time(s)	end_time(s)	rate(tuple/s)	mean(ms)	99%ile(ms)	99.9%ile(ms)	cores	mem(MB)	failed	ids	congested
0	30	13336.133333	501.237928	2724.200447	2919.235583	2.857333	130.330170	0	[wc-test-21-1507935173]	{}
30	60	19999.033333	11.165566	15.376383	28.721151	1.767333	219.550072	0	[wc-test-21-1507935173]	{}
60	90	20001.500000	11.117193	14.966783	37.191679	1.732000	215.124512	0	[wc-test-21-1507935173]	{}
90	120	20000.933333	11.072880	14.598143	29.671423	1.724000	122.664589	0	[wc-test-21-1507935173]	{}
120	150	20001.100000	11.024028	14.335999	17.317887	1.770000	124.119827	0	[wc-test-21-1507935173]	{}
150	180	19999.500000	11.056627	14.426111	36.438015	1.785667	126.663361	0	[wc-test-21-1507935173]	{}
180	210	19999.466667	11.122380	14.942207	42.008575	1.734667	223.680420	0	[wc-test-21-1507935173]	{}
210	240	19999.966667	11.084573	14.548991	30.670847	1.776333	115.260338	0	[wc-test-21-1507935173]	{}
240	270	20001.233333	10.996286	14.163967	17.760255	1.702667	112.434776	0	[wc-test-21-1507935173]	{}
270	300	20000.233333	11.028114	14.524415	29.081599	1.706667	210.299660	0	[wc-test-21-1507935173]	{}
