start_time(s)	end_time(s)	rate(tuple/s)	mean(ms)	99%ile(ms)	99.9%ile(ms)	cores	mem(MB)	failed	ids	congested
0	30	3335.866667	37.536601	637.534207	835.715071	1.614000	171.719528	0	[wc-test-20-1507934869]	{}
30	60	10003.400000	9.158154	13.852671	44.269567	1.409333	138.458282	0	[wc-test-20-1507934869]	{}
60	90	10000.166667	8.877948	12.124159	26.263551	1.298333	97.563019	0	[wc-test-20-1507934869]	{}
90	120	10000.233333	8.741179	12.165119	38.830079	1.293000	55.293289	0	[wc-test-20-1507934869]	{}
120	150	9999.133333	9.107277	12.328959	44.335103	1.304333	155.026703	0	[wc-test-20-1507934869]	{}
150	180	10000.833333	8.723784	12.140543	44.957695	1.333000	184.126572	0	[wc-test-20-1507934869]	{}
180	210	9999.933333	8.701724	11.952127	21.610495	1.387333	111.616219	0	[wc-test-20-1507934869]	{}
210	240	10000.066667	8.794501	12.140543	39.256063	1.326333	130.334702	0	[wc-test-20-1507934869]	{}
240	270	10000.566667	9.004154	12.238847	43.286527	1.281000	149.572533	0	[wc-test-20-1507934869]	{}
270	300	9999.966667	8.974644	12.296191	48.365567	1.277667	162.206306	0	[wc-test-20-1507934869]	{}
