start_time(s)	end_time(s)	rate(tuple/s)	mean(ms)	99%ile(ms)	99.9%ile(ms)	cores	mem(MB)	failed	ids	congested
0	30	6667.400000	14.252891	135.921663	190.709759	2.139667	103.299644	0	[wc-test-11-1507932126]	{}
30	60	10001.033333	9.216328	13.017087	37.945343	1.349000	89.896378	0	[wc-test-11-1507932126]	{}
60	90	10000.200000	9.144806	12.640255	38.109183	1.290333	176.386787	0	[wc-test-11-1507932126]	{}
90	120	10000.966667	9.062853	12.328959	36.012031	1.289333	167.914474	0	[wc-test-11-1507932126]	{}
120	150	9998.900000	8.995539	12.419071	39.649279	1.344000	53.131264	0	[wc-test-11-1507932126]	{}
150	180	10001.000000	9.305948	12.664831	40.402943	1.357667	135.803726	0	[wc-test-11-1507932126]	{}
180	210	10000.033333	8.965800	12.165119	26.247167	1.285333	126.358147	0	[wc-test-11-1507932126]	{}
210	240	10000.666667	9.073669	12.353535	42.565631	1.360333	114.273735	0	[wc-test-11-1507932126]	{}
240	270	10000.266667	9.314075	12.533759	44.859391	1.260000	105.333389	0	[wc-test-11-1507932126]	{}
270	300	10000.366667	9.273555	12.500991	43.188223	1.288333	190.728928	0	[wc-test-11-1507932126]	{}
