start_time(s)	end_time(s)	rate(tuple/s)	mean(ms)	99%ile(ms)	99.9%ile(ms)	cores	mem(MB)	failed	ids	congested
0	30	3335.066667	17.128722	317.194239	625.999871	1.984000	147.039070	0	[wc-test-19-1507934565]	{}
30	60	5000.333333	8.434691	11.935743	28.491775	1.148667	128.832703	0	[wc-test-19-1507934565]	{}
60	90	5000.000000	8.186105	11.509759	28.246015	1.077333	121.376450	0	[wc-test-19-1507934565]	{}
90	120	5000.233333	8.338585	11.624447	22.020095	1.105667	122.687881	0	[wc-test-19-1507934565]	{}
120	150	5000.100000	8.151752	11.198463	25.608191	1.153667	140.655663	0	[wc-test-19-1507934565]	{}
150	180	4999.900000	8.338594	11.485183	13.688831	1.177667	154.767120	0	[wc-test-19-1507934565]	{}
180	210	5000.333333	8.350752	11.567103	20.955135	1.130000	64.808449	0	[wc-test-19-1507934565]	{}
210	240	4999.600000	8.219161	11.296767	20.807679	1.149667	72.949005	0	[wc-test-19-1507934565]	{}
240	270	5000.466667	8.279968	11.657215	26.836991	1.070333	86.688416	0	[wc-test-19-1507934565]	{}
270	300	5000.266667	8.017007	11.067391	12.533759	1.054667	109.158539	0	[wc-test-19-1507934565]	{}
