start_time(s)	end_time(s)	rate(tuple/s)	mean(ms)	99%ile(ms)	99.9%ile(ms)	cores	mem(MB)	failed	ids	congested
0	31	1612.677419	24.652356	189.530111	232.259583	2.553548	380.645584	0	[wc-test-13-1507932734]	{}
31	61	5005.633333	10.137656	39.944191	83.034111	2.350000	278.754570	0	[wc-test-13-1507932734]	{}
61	91	5000.066667	8.838488	13.377535	24.510463	2.006667	199.126602	0	[wc-test-13-1507932734]	{}
91	121	5000.366667	8.768539	12.713983	16.506879	1.975000	222.906746	0	[wc-test-13-1507932734]	{}
121	151	5000.266667	8.800701	13.000703	24.150015	2.009667	247.903389	0	[wc-test-13-1507932734]	{}
151	181	4999.900000	8.696750	12.935167	17.481727	1.990333	161.707191	0	[wc-test-13-1507932734]	{}
181	211	4999.866667	8.758826	12.533759	23.134207	1.982333	195.459877	0	[wc-test-13-1507932734]	{}
211	241	5000.566667	8.689532	12.533759	15.925247	2.032333	306.920425	0	[wc-test-13-1507932734]	{}
241	271	4999.733333	8.512081	12.361727	21.315583	2.036000	237.233170	0	[wc-test-13-1507932734]	{}
271	301	5000.233333	8.762881	12.640255	16.130047	1.874667	151.806435	0	[wc-test-13-1507932734]	{}
