start_time(s)	end_time(s)	rate(tuple/s)	mean(ms)	99%ile(ms)	99.9%ile(ms)	cores	mem(MB)	failed	ids	congested
0	30	6674.133333	39.049718	398.458879	489.684991	4.073667	236.968819	0	[wc-test-14-1507933038]	{}
30	60	10000.700000	9.745119	16.261119	37.322751	2.223333	243.887230	0	[wc-test-14-1507933038]	{}
60	90	9999.833333	9.289459	13.770751	25.821183	2.088667	173.600395	0	[wc-test-14-1507933038]	{}
90	120	9999.900000	9.242914	13.615103	38.240255	2.087333	209.908287	0	[wc-test-14-1507933038]	{}
120	150	10000.933333	8.885230	13.139967	25.362431	2.142333	276.243004	0	[wc-test-14-1507933038]	{}
150	180	9999.800000	9.245691	13.950975	44.007423	2.325000	313.234299	0	[wc-test-14-1507933038]	{}
180	210	9999.866667	9.234503	13.221887	21.037055	2.179667	257.369896	0	[wc-test-14-1507933038]	{}
210	240	10001.066667	9.129425	13.246463	36.929535	2.167333	192.949135	0	[wc-test-14-1507933038]	{}
240	270	10000.133333	8.968459	13.049855	35.815423	2.115333	226.692535	0	[wc-test-14-1507933038]	{}
270	300	9999.933333	9.290850	13.557759	35.979263	2.148333	240.485397	0	[wc-test-14-1507933038]	{}
