start_time(s)	end_time(s)	rate(tuple/s)	mean(ms)	99%ile(ms)	99.9%ile(ms)	cores	mem(MB)	failed	ids	congested
0	30	44.100000	9724.371768	9781.116927	9781.116927	1.443667	144.456085	0	[wc-test-23-1507935781]	{}
30	61	11291.645161	1363.646390	9294.577663	9739.173887	4.103871	352.716248	0	[wc-test-23-1507935781]	{}
61	91	10000.233333	10.441196	14.663679	18.382847	2.181000	355.418411	0	[wc-test-23-1507935781]	{}
91	121	10000.200000	10.531007	14.729215	27.131903	2.170667	313.238167	0	[wc-test-23-1507935781]	{}
121	151	10000.133333	10.435181	14.262271	16.957439	2.173667	392.248474	0	[wc-test-23-1507935781]	{}
151	181	10000.400000	10.368701	14.114815	17.317887	2.172333	286.812080	0	[wc-test-23-1507935781]	{}
181	211	9999.933333	11.094115	15.622143	57.868287	2.175667	334.525742	0	[wc-test-23-1507935781]	{}
211	241	10000.000000	10.561088	14.499839	17.530879	2.240000	210.820801	0	[wc-test-23-1507935781]	{}
241	271	10000.233333	10.721924	15.597567	35.225599	2.154000	377.744080	0	[wc-test-23-1507935781]	{}
271	301	9999.933333	10.478591	14.598143	17.956863	2.155667	367.051254	0	[wc-test-23-1507935781]	{}
