start_time(s)	end_time(s)	rate(tuple/s)	mean(ms)	99%ile(ms)	99.9%ile(ms)	cores	mem(MB)	failed	ids	congested
0	30	2502.000000	1883.627072	8690.597887	8875.147263	3.688000	170.769699	0	[wc-test-22-1507935477]	{}
30	60	5000.733333	10.353867	16.531455	29.130751	2.115667	222.871643	0	[wc-test-22-1507935477]	{}
60	90	4999.900000	10.295929	14.729215	19.365887	1.932667	292.352760	0	[wc-test-22-1507935477]	{}
90	120	5000.033333	10.242078	14.237695	18.300927	1.911000	173.429909	0	[wc-test-22-1507935477]	{}
120	150	5000.266667	10.103658	14.450687	19.578879	1.962333	259.335266	0	[wc-test-22-1507935477]	{}
150	180	5000.000000	10.214074	13.967359	17.170431	1.918333	143.345695	0	[wc-test-22-1507935477]	{}
180	210	5000.000000	10.251743	14.082047	17.580031	1.963667	242.827049	0	[wc-test-22-1507935477]	{}
210	240	4999.833333	10.143566	13.852671	17.268735	2.061667	227.837021	0	[wc-test-22-1507935477]	{}
240	270	5000.066667	10.242820	14.147583	17.432575	1.913000	207.484268	0	[wc-test-22-1507935477]	{}
270	300	5000.066667	10.182811	13.631487	16.457727	1.916333	287.452164	0	[wc-test-22-1507935477]	{}
