start_time(s)	end_time(s)	rate(tuple/s)	mean(ms)	99%ile(ms)	99.9%ile(ms)	cores	mem(MB)	failed	ids	congested
0	30	6669.200000	50.898788	467.664895	715.653119	4.185000	296.718773	0	[wc-test-5-1507930296]	{}
30	60	10000.833333	9.408906	15.114239	39.452671	2.318667	188.853172	0	[wc-test-5-1507930296]	{}
60	90	10000.600000	9.324945	14.721023	31.342591	2.230000	280.247826	0	[wc-test-5-1507930296]	{}
90	120	9999.733333	9.119489	13.180927	37.584895	2.076000	287.786598	0	[wc-test-5-1507930296]	{}
120	150	9999.966667	9.037242	13.451263	28.721151	2.104000	177.653954	0	[wc-test-5-1507930296]	{}
150	180	9999.733333	9.473233	13.754367	42.827775	2.316000	243.408463	0	[wc-test-5-1507930296]	{}
180	210	10000.366667	8.830423	13.025279	20.840447	2.233000	265.766800	0	[wc-test-5-1507930296]	{}
210	240	10000.300000	9.062592	13.205503	41.451519	2.315000	178.665894	0	[wc-test-5-1507930296]	{}
240	270	9999.700000	9.201747	13.328383	44.662783	2.071667	280.282127	0	[wc-test-5-1507930296]	{}
270	300	10000.600000	9.366247	13.762559	45.154303	2.193667	262.438087	0	[wc-test-5-1507930296]	{}
