start_time(s)	end_time(s)	rate(tuple/s)	mean(ms)	99%ile(ms)	99.9%ile(ms)	cores	mem(MB)	failed	ids	congested
0	30	13342.300000	106.405901	1126.170623	1171.259391	2.747667	74.052338	0	[wc-test-12-1507932430]	{}
30	60	20001.033333	11.213865	14.991359	31.309823	1.805000	145.570122	0	[wc-test-12-1507932430]	{}
60	90	20000.166667	11.198793	14.794751	42.762239	1.742000	105.835388	0	[wc-test-12-1507932430]	{}
90	120	20000.466667	11.133314	14.270463	23.511039	1.718000	163.773735	0	[wc-test-12-1507932430]	{}
120	150	20000.333333	11.116614	14.581759	28.262399	1.800333	122.728683	0	[wc-test-12-1507932430]	{}
150	180	20000.666667	11.163976	14.295039	25.772031	1.770000	80.546150	0	[wc-test-12-1507932430]	{}
180	210	20000.233333	11.121002	14.221311	31.604735	1.685667	144.192337	0	[wc-test-12-1507932430]	{}
210	240	20000.400000	11.016888	14.163967	32.391167	1.769667	103.570427	0	[wc-test-12-1507932430]	{}
240	270	20001.200000	11.163705	14.180351	24.969215	1.689000	163.264206	0	[wc-test-12-1507932430]	{}
270	300	20001.133333	11.135353	14.327807	43.778047	1.705000	110.168297	0	[wc-test-12-1507932430]	{}
