start_time(s)	end_time(s)	rate(tuple/s)	mean(ms)	99%ile(ms)	99.9%ile(ms)	cores	mem(MB)	failed	ids	congested
0	30	5007.133333	2287.513898	9353.297919	9412.018175	2.378333	194.158920	0	[wc-test-2-1507929383]	{}
30	61	9678.064516	9.771104	13.262847	18.235391	1.333226	242.767487	0	[wc-test-2-1507929383]	{}
61	91	9999.400000	9.871125	13.000703	16.924671	1.292667	190.619339	0	[wc-test-2-1507929383]	{}
91	121	10000.766667	9.731092	12.689407	15.900671	1.259333	235.378326	0	[wc-test-2-1507929383]	{}
121	151	10000.033333	9.736121	12.607487	15.622143	1.302667	179.494133	0	[wc-test-2-1507929383]	{}
151	181	10000.000000	9.618256	12.566527	15.261695	1.355667	228.725983	0	[wc-test-2-1507929383]	{}
181	211	10000.133333	9.741227	12.435455	15.040511	1.255000	276.498688	0	[wc-test-2-1507929383]	{}
211	241	10000.533333	9.699971	12.812287	25.313279	1.408667	212.609642	0	[wc-test-2-1507929383]	{}
241	271	9999.733333	9.817595	12.738559	15.622143	1.277333	250.033112	0	[wc-test-2-1507929383]	{}
271	301	10000.100000	9.813230	12.541951	14.761983	1.270000	176.570915	0	[wc-test-2-1507929383]	{}
