start_time(s)	end_time(s)	rate(tuple/s)	mean(ms)	99%ile(ms)	99.9%ile(ms)	cores	mem(MB)	failed	ids	congested
0	30	10003.433333	3678.177651	9336.520703	9403.629567	2.799333	385.432922	0	[wc-test-3-1507929687]	{}
30	61	19356.483871	10.698886	15.007743	31.768575	1.734194	347.461945	0	[wc-test-3-1507929687]	{}
61	91	20000.900000	10.448374	14.123007	18.038783	1.698333	335.892433	0	[wc-test-3-1507929687]	{}
91	121	20002.000000	10.531926	14.073855	17.498111	1.650000	320.623184	0	[wc-test-3-1507929687]	{}
121	151	20000.033333	10.526309	14.114815	17.629183	1.708333	406.575424	0	[wc-test-3-1507929687]	{}
151	181	19998.666667	10.389158	14.139391	17.793023	1.756000	288.147530	0	[wc-test-3-1507929687]	{}
181	211	20001.333333	10.442704	13.836287	17.973247	1.660333	371.459694	0	[wc-test-3-1507929687]	{}
211	241	20000.433333	10.580954	14.376959	17.727487	1.686000	456.545227	0	[wc-test-3-1507929687]	{}
241	271	19999.233333	10.511746	13.934591	17.432575	1.734000	341.268440	0	[wc-test-3-1507929687]	{}
271	301	20001.566667	10.535498	14.163967	17.448959	1.680000	428.277451	0	[wc-test-3-1507929687]	{}
