start_time(s)	end_time(s)	rate(tuple/s)	mean(ms)	99%ile(ms)	99.9%ile(ms)	cores	mem(MB)	failed	ids	congested
0	31	3226.451613	12.184173	89.260031	190.185471	1.863871	119.645081	0	[wc-test-10-1507931822]	{}
31	61	5000.133333	8.360118	11.902975	20.267007	1.111667	166.467766	0	[wc-test-10-1507931822]	{}
61	91	5000.266667	8.243833	11.599871	22.626303	1.072333	122.467438	0	[wc-test-10-1507931822]	{}
91	121	5000.300000	8.467423	11.902975	22.642687	1.085000	74.999733	0	[wc-test-10-1507931822]	{}
121	151	4999.633333	8.160100	11.337727	13.074431	1.125333	32.223228	0	[wc-test-10-1507931822]	{}
151	181	5000.333333	8.300528	11.436031	27.066367	1.139667	187.554405	0	[wc-test-10-1507931822]	{}
181	211	5000.266667	8.242979	11.436031	26.181631	1.078000	137.995781	0	[wc-test-10-1507931822]	{}
211	241	4999.966667	8.284323	11.681791	19.169279	1.140667	81.630890	0	[wc-test-10-1507931822]	{}
241	271	4999.833333	8.282281	11.452415	19.644415	1.023000	125.777184	0	[wc-test-10-1507931822]	{}
271	301	5000.300000	8.306459	11.337727	25.296895	1.034667	160.493324	0	[wc-test-10-1507931822]	{}
