start_time(s)	end_time(s)	rate(tuple/s)	mean(ms)	99%ile(ms)	99.9%ile(ms)	cores	mem(MB)	failed	ids	congested
0	30	1667.666667	30.651035	304.611327	518.520831	2.543667	217.494408	0	[wc-test-4-1507929992]	{}
30	60	5001.033333	9.912382	26.181631	104.923135	2.255333	222.940659	0	[wc-test-4-1507929992]	{}
60	90	5000.300000	8.827450	13.180927	24.920063	1.974000	251.145088	0	[wc-test-4-1507929992]	{}
90	120	5000.133333	8.789368	12.869631	16.703487	1.936667	154.942070	0	[wc-test-4-1507929992]	{}
120	150	4999.666667	8.693215	12.886015	25.067519	2.018333	294.909157	0	[wc-test-4-1507929992]	{}
150	180	5000.533333	8.781341	12.779519	16.752639	1.994667	316.545448	0	[wc-test-4-1507929992]	{}
180	210	4999.633333	8.815437	12.992511	28.295167	2.076333	340.510056	0	[wc-test-4-1507929992]	{}
210	240	5000.366667	9.107765	13.230079	22.511615	2.071000	233.410759	0	[wc-test-4-1507929992]	{}
240	270	4999.800000	9.002243	13.123583	17.088511	1.993000	227.037239	0	[wc-test-4-1507929992]	{}
270	300	5000.233333	9.224195	13.590527	26.296319	1.907000	315.964516	0	[wc-test-4-1507929992]	{}
