start_time(s)	end_time(s)	rate(tuple/s)	mean(ms)	99%ile(ms)	99.9%ile(ms)	cores	mem(MB)	failed	ids	congested
0	30	13334.666667	44.226514	540.540927	574.619647	2.557667	144.200279	0	[wc-test-21-1508004572]	{}
30	60	20000.900000	9.235359	13.672447	41.385983	1.767000	198.626999	0	[wc-test-21-1508004572]	{}
60	90	19999.133333	9.228783	12.853247	39.911423	1.772333	164.227798	0	[wc-test-21-1508004572]	{}
90	121	19354.774194	9.364059	12.918783	35.520511	1.756774	133.793137	0	[wc-test-21-1508004572]	{}
121	151	20001.366667	9.210273	12.779519	34.242559	1.776000	141.506271	0	[wc-test-21-1508004572]	{}
151	181	20000.166667	9.208371	12.591103	35.454975	1.836667	151.717728	0	[wc-test-21-1508004572]	{}
181	211	20000.166667	9.119356	12.484607	23.773183	1.716000	77.235451	0	[wc-test-21-1508004572]	{}
211	241	19999.566667	9.068303	12.427263	34.766847	1.671333	86.833786	0	[wc-test-21-1508004572]	{}
241	271	19999.733333	8.783947	12.255231	21.970943	1.733333	117.663635	0	[wc-test-21-1508004572]	{}
271	301	20000.700000	9.021717	12.402687	23.101439	1.763667	121.262276	0	[wc-test-21-1508004572]	{}
