start_time(s)	end_time(s)	rate(tuple/s)	mean(ms)	99%ile(ms)	99.9%ile(ms)	cores	mem(MB)	failed	ids	congested
0	30	13338.733333	48.558085	387.186687	430.440447	2.678000	150.616203	0	[wc-test-12-1508001832]	{}
30	60	20001.366667	8.825313	13.328383	41.287679	1.778000	79.285599	0	[wc-test-12-1508001832]	{}
60	90	20001.066667	8.833490	12.345343	44.826623	1.786333	182.317169	0	[wc-test-12-1508001832]	{}
90	120	20000.766667	8.702884	12.099583	24.887295	1.732333	88.365486	0	[wc-test-12-1508001832]	{}
120	150	19999.800000	8.851949	12.173311	45.645823	1.730667	87.854507	0	[wc-test-12-1508001832]	{}
150	180	20001.166667	8.715513	12.443647	36.306943	1.832000	114.160393	0	[wc-test-12-1508001832]	{}
180	210	19999.466667	8.600042	12.066815	38.404095	1.698000	141.212524	0	[wc-test-12-1508001832]	{}
210	240	19999.266667	8.989591	12.238847	42.827775	1.682000	152.212273	0	[wc-test-12-1508001832]	{}
240	270	20001.633333	8.922471	12.435455	27.377663	1.760333	67.981827	0	[wc-test-12-1508001832]	{}
270	300	20000.700000	8.889802	12.378111	42.303487	1.821333	170.023254	0	[wc-test-12-1508001832]	{}
