start_time(s)	end_time(s)	rate(tuple/s)	mean(ms)	99%ile(ms)	99.9%ile(ms)	cores	mem(MB)	failed	ids	congested
0	30	3334.000000	18.082674	191.496191	329.515007	1.673333	187.840164	0	[wc-test-20-1508004268]	{}
30	61	9678.225806	8.236675	13.205503	38.633471	1.515484	144.810745	0	[wc-test-20-1508004268]	{}
61	91	9999.800000	8.134025	11.558911	27.181055	1.400333	90.765747	0	[wc-test-20-1508004268]	{}
91	121	9999.966667	8.082308	11.681791	36.667391	1.404333	142.621452	0	[wc-test-20-1508004268]	{}
121	151	9999.900000	8.120212	11.288575	35.487743	1.395333	72.888092	0	[wc-test-20-1508004268]	{}
151	181	10000.933333	7.946525	11.157503	25.985023	1.554667	131.977432	0	[wc-test-20-1508004268]	{}
181	211	10000.266667	8.062241	11.182079	17.006591	1.364667	164.187729	0	[wc-test-20-1508004268]	{}
211	241	9999.566667	8.050587	11.231231	34.799615	1.377000	99.436615	0	[wc-test-20-1508004268]	{}
241	271	10000.633333	8.101301	11.116543	12.902399	1.328000	129.201080	0	[wc-test-20-1508004268]	{}
271	301	10000.200000	8.200891	11.689983	43.974655	1.373000	39.245140	0	[wc-test-20-1508004268]	{}
