start_time(s)	end_time(s)	rate(tuple/s)	mean(ms)	99%ile(ms)	99.9%ile(ms)	cores	mem(MB)	failed	ids	congested
0	30	3334.833333	12.987716	125.960191	342.884351	2.027333	140.951508	0	[wc-test-1-1507998481]	{}
30	60	4999.933333	8.029066	11.395071	22.609919	1.190333	166.032043	0	[wc-test-1-1507998481]	{}
60	90	4999.966667	7.760350	10.846207	14.114815	1.131000	103.185188	0	[wc-test-1-1507998481]	{}
90	120	5000.066667	7.895103	11.042815	19.726335	1.147667	131.830429	0	[wc-test-1-1507998481]	{}
120	150	5000.100000	7.893706	11.075583	24.018943	1.241333	175.007523	0	[wc-test-1-1507998481]	{}
150	180	5000.266667	7.691596	10.747903	12.910591	1.288333	134.501625	0	[wc-test-1-1507998481]	{}
180	210	5000.033333	7.818495	11.141119	26.722303	1.160000	160.440033	0	[wc-test-1-1507998481]	{}
210	240	4999.733333	7.839494	10.936319	14.475263	1.125000	88.428337	0	[wc-test-1-1507998481]	{}
240	271	4839.516129	7.787384	10.895359	13.852671	1.080645	117.654877	0	[wc-test-1-1507998481]	{}
271	301	4999.933333	7.889360	10.952703	21.856255	1.155000	139.183556	0	[wc-test-1-1507998481]	{}
