start_time(s)	end_time(s)	rate(tuple/s)	mean(ms)	99%ile(ms)	99.9%ile(ms)	cores	mem(MB)	failed	ids	congested
0	30	6666.033333	130.161388	691.535871	726.138879	2.051000	92.959442	0	[wc-test-3-1507999090]	{}
30	60	20005.566667	9.337452	16.105471	44.105727	1.910000	118.496193	0	[wc-test-3-1507999090]	{}
60	90	20001.766667	8.870215	12.165119	27.394047	1.734000	42.704979	0	[wc-test-3-1507999090]	{}
90	120	19998.633333	9.200949	13.180927	38.371327	1.837333	136.283836	0	[wc-test-3-1507999090]	{}
120	150	20001.033333	9.319279	12.869631	24.494079	1.798000	128.797920	0	[wc-test-3-1507999090]	{}
150	180	20001.600000	9.012447	12.771327	25.034751	2.057000	141.224884	0	[wc-test-3-1507999090]	{}
180	210	19999.866667	9.299803	13.099007	25.706495	1.799667	140.350006	0	[wc-test-3-1507999090]	{}
210	240	20000.266667	9.239389	12.787711	28.196863	1.797333	32.823746	0	[wc-test-3-1507999090]	{}
240	270	19997.966667	9.178377	12.951551	38.371327	1.799667	117.600174	0	[wc-test-3-1507999090]	{}
270	300	20000.733333	9.432144	12.754943	22.790143	1.780000	191.566833	0	[wc-test-3-1507999090]	{}
