start_time(s)	end_time(s)	rate(tuple/s)	mean(ms)	99%ile(ms)	99.9%ile(ms)	cores	mem(MB)	failed	ids	congested
0	30	6667.933333	13.478626	121.634815	216.924159	2.331333	93.271553	0	[wc-test-11-1508001528]	{}
30	60	9999.866667	8.063944	11.755519	37.191679	1.416333	127.665001	0	[wc-test-11-1508001528]	{}
60	90	9999.833333	8.238345	11.845631	43.253759	1.386667	55.837296	0	[wc-test-11-1508001528]	{}
90	120	10000.066667	8.117511	11.419647	14.540799	1.355667	90.899345	0	[wc-test-11-1508001528]	{}
120	150	10000.133333	8.049223	11.337727	38.273023	1.416000	137.204514	0	[wc-test-11-1508001528]	{}
150	180	9999.766667	8.124281	11.747327	43.745279	1.534333	187.761787	0	[wc-test-11-1508001528]	{}
180	210	10000.466667	8.199084	11.673599	27.770879	1.351667	131.248817	0	[wc-test-11-1508001528]	{}
210	240	10000.000000	8.046223	11.509759	25.509887	1.341333	66.301758	0	[wc-test-11-1508001528]	{}
240	270	9999.733333	7.974348	11.173887	22.773759	1.380000	106.437363	0	[wc-test-11-1508001528]	{}
270	300	10000.400000	8.120307	11.501567	48.267263	1.394333	150.324928	0	[wc-test-11-1508001528]	{}
