start_time(s)	end_time(s)	rate(tuple/s)	mean(ms)	99%ile(ms)	99.9%ile(ms)	cores	mem(MB)	failed	ids	congested
0	30	3338.066667	11.599403	87.425023	227.409919	2.009333	108.699158	0	[wc-test-19-1508003964]	{}
30	61	4838.806452	7.984595	11.206655	19.562495	1.164194	59.499954	0	[wc-test-19-1508003964]	{}
61	91	5000.366667	7.893627	10.969087	13.189119	1.154333	118.986824	0	[wc-test-19-1508003964]	{}
91	121	4999.833333	7.829490	10.887167	13.541375	1.121000	171.212769	0	[wc-test-19-1508003964]	{}
121	151	5000.033333	7.721003	10.862591	19.595263	1.262333	140.247833	0	[wc-test-19-1508003964]	{}
151	181	5000.100000	7.735443	10.854399	16.326655	1.231667	114.004929	0	[wc-test-19-1508003964]	{}
181	211	5000.066667	7.761990	10.821631	13.377535	1.148000	81.940178	0	[wc-test-19-1508003964]	{}
211	241	5000.166667	7.802641	10.854399	22.888447	1.134667	147.126694	0	[wc-test-19-1508003964]	{}
241	271	5000.166667	7.852251	10.862591	12.566527	1.138667	118.477631	0	[wc-test-19-1508003964]	{}
271	301	5000.200000	7.836801	10.985471	20.316159	1.135667	84.370461	0	[wc-test-19-1508003964]	{}
