start_time(s)	end_time(s)	rate(tuple/s)	mean(ms)	99%ile(ms)	99.9%ile(ms)	cores	mem(MB)	failed	ids	congested
0	30	6667.000000	14.182900	159.645695	230.817791	2.278333	89.629745	0	[wc-test-2-1507998785]	{}
30	61	9678.354839	8.179655	11.763711	36.929535	1.375806	92.772232	0	[wc-test-2-1507998785]	{}
61	91	9999.733333	8.229479	11.796479	36.175871	1.346000	186.835899	0	[wc-test-2-1507998785]	{}
91	121	10000.700000	8.025732	11.108351	12.771327	1.347000	98.788620	0	[wc-test-2-1507998785]	{}
121	151	9999.500000	8.016073	11.509759	43.712511	1.411000	113.275970	0	[wc-test-2-1507998785]	{}
151	181	10000.933333	7.981891	11.124735	21.233663	1.499333	126.749573	0	[wc-test-2-1507998785]	{}
181	211	9999.466667	8.004512	11.395071	35.291135	1.340000	35.316666	0	[wc-test-2-1507998785]	{}
211	241	10000.366667	8.132254	11.403263	17.399807	1.321333	136.696838	0	[wc-test-2-1507998785]	{}
241	271	10000.200000	8.012310	11.223039	22.069247	1.326000	157.458916	0	[wc-test-2-1507998785]	{}
271	301	10000.066667	7.963156	11.173887	41.254911	1.344667	79.664200	0	[wc-test-2-1507998785]	{}
