start_time(s)	end_time(s)	rate(tuple/s)	mean(ms)	99%ile(ms)	99.9%ile(ms)	cores	mem(MB)	failed	ids	congested
0	30	1664.300000	14.018893	133.955583	161.742847	1.572333	94.945152	0	[wc-test-10-1508001224]	{}
30	60	5005.000000	8.365902	14.680063	67.436543	1.394000	140.912605	0	[wc-test-10-1508001224]	{}
60	90	4999.833333	7.845365	11.108351	27.246591	1.167667	85.564117	0	[wc-test-10-1508001224]	{}
90	120	5000.200000	7.935168	11.034623	29.999103	1.130333	108.205795	0	[wc-test-10-1508001224]	{}
120	150	5000.100000	7.763685	10.878975	12.804095	1.137667	146.463074	0	[wc-test-10-1508001224]	{}
150	180	5000.000000	7.867325	10.911743	27.459583	1.294667	85.358261	0	[wc-test-10-1508001224]	{}
180	210	5000.133333	7.725612	10.780671	12.550143	1.156667	135.906166	0	[wc-test-10-1508001224]	{}
210	240	5000.100000	7.836448	10.936319	19.005439	1.132000	77.560760	0	[wc-test-10-1508001224]	{}
240	270	5000.033333	7.758234	10.756095	12.222463	1.107000	118.137314	0	[wc-test-10-1508001224]	{}
270	300	5000.366667	7.744246	10.846207	12.648447	1.113667	154.195412	0	[wc-test-10-1508001224]	{}
