start_time(s)	end_time(s)	rate(tuple/s)	mean(ms)	99%ile(ms)	99.9%ile(ms)	cores	mem(MB)	failed	ids	congested
0	30	16.933333	9573.086055	9932.111871	9932.111871	1.232000	110.322090	0	[wc-test-13-1508002136]	{}
30	60	6240.466667	796.871079	9370.075135	10393.485311	4.063667	377.242752	0	[wc-test-13-1508002136]	{}
60	90	5000.233333	10.396033	14.802943	18.874367	2.171333	238.402931	0	[wc-test-13-1508002136]	{}
90	120	5000.100000	10.411162	14.508031	17.940479	2.059333	190.592903	0	[wc-test-13-1508002136]	{}
120	150	4999.933333	10.603337	14.663679	18.055167	2.097000	325.003296	0	[wc-test-13-1508002136]	{}
150	180	5000.166667	10.315847	14.131199	18.071551	2.107667	289.562843	0	[wc-test-13-1508002136]	{}
180	210	5000.133333	10.650574	14.368767	17.678335	2.046667	214.033508	0	[wc-test-13-1508002136]	{}
210	240	5000.000000	10.310158	13.803519	16.752639	1.995000	277.639503	0	[wc-test-13-1508002136]	{}
240	270	5000.233333	10.556518	14.630911	18.825215	2.087667	293.649780	0	[wc-test-13-1508002136]	{}
270	300	5000.066667	10.599470	14.770175	18.350079	2.079333	130.707924	0	[wc-test-13-1508002136]	{}
