start_time(s)	end_time(s)	rate(tuple/s)	mean(ms)	99%ile(ms)	99.9%ile(ms)	cores	mem(MB)	failed	ids	congested
0	30	3339.866667	19.911236	169.082879	241.172479	3.920667	243.847244	0	[wc-test-22-1508004876]	{}
30	60	5000.866667	8.604813	14.090239	23.035903	2.174333	238.209618	0	[wc-test-22-1508004876]	{}
60	90	4999.700000	8.413716	12.771327	17.022975	2.062333	266.110062	0	[wc-test-22-1508004876]	{}
90	120	5000.433333	8.197407	12.517375	16.490495	2.069000	221.602745	0	[wc-test-22-1508004876]	{}
120	150	4999.666667	8.402782	12.779519	16.990207	2.181333	270.606880	0	[wc-test-22-1508004876]	{}
150	180	5000.300000	8.352844	12.541951	16.449535	2.163000	209.322182	0	[wc-test-22-1508004876]	{}
180	210	5000.133333	8.168046	12.148735	15.949823	2.136667	283.104584	0	[wc-test-22-1508004876]	{}
210	241	4838.709677	8.431785	12.574719	16.490495	2.043871	217.491577	0	[wc-test-22-1508004876]	{}
241	271	5000.100000	8.072884	12.066815	15.376383	2.100333	285.257988	0	[wc-test-22-1508004876]	{}
271	301	5000.033333	8.524385	12.427263	16.777215	2.015333	199.642281	0	[wc-test-22-1508004876]	{}
