start_time(s)	end_time(s)	rate(tuple/s)	mean(ms)	99%ile(ms)	99.9%ile(ms)	cores	mem(MB)	failed	ids	congested
0	30	3337.733333	18.551040	163.184639	291.766271	3.864000	233.418800	0	[wc-test-4-1507999394]	{}
30	60	5000.300000	8.554617	13.778943	18.563071	2.225667	215.868019	0	[wc-test-4-1507999394]	{}
60	90	5000.000000	8.527219	13.606911	18.219007	2.277667	192.572174	0	[wc-test-4-1507999394]	{}
90	120	5000.233333	8.327573	13.205503	17.252351	2.288000	299.182114	0	[wc-test-4-1507999394]	{}
120	150	5000.133333	8.533452	13.074431	17.350655	2.283667	287.736992	0	[wc-test-4-1507999394]	{}
150	180	5000.000000	8.469358	13.148159	17.743871	2.300333	173.821754	0	[wc-test-4-1507999394]	{}
180	210	5000.133333	8.342960	12.886015	17.235967	2.268333	268.119217	0	[wc-test-4-1507999394]	{}
210	240	5000.033333	8.352057	12.926975	16.449535	2.342667	261.747475	0	[wc-test-4-1507999394]	{}
240	270	4999.933333	8.340795	12.664831	16.392191	2.180667	153.443253	0	[wc-test-4-1507999394]	{}
270	300	5000.200000	8.291765	13.041663	17.317887	2.237333	238.975853	0	[wc-test-4-1507999394]	{}
