start_time(s)	end_time(s)	rate(tuple/s)	mean(ms)	99%ile(ms)	99.9%ile(ms)	cores	mem(MB)	failed	ids	congested
0	30	13345.400000	275.545021	1715.470335	1876.951039	5.049333	159.410416	0	[wc-test-24-1508005484]	{}
30	61	19358.806452	10.920489	18.497535	52.789247	2.869355	341.301628	0	[wc-test-24-1508005484]	{}
61	91	19999.933333	10.622464	16.695295	29.753343	2.806333	284.187584	0	[wc-test-24-1508005484]	{}
91	121	19999.300000	10.724466	15.663103	38.535167	2.720667	319.086266	0	[wc-test-24-1508005484]	{}
121	151	19999.966667	10.555494	16.269311	51.314687	2.775000	302.949661	0	[wc-test-24-1508005484]	{}
151	181	20000.433333	10.753125	15.687679	44.367871	2.848333	313.450500	0	[wc-test-24-1508005484]	{}
181	211	20001.600000	10.552376	15.171583	20.021247	2.782000	146.714897	0	[wc-test-24-1508005484]	{}
211	241	19999.566667	10.598453	15.400959	42.434559	2.880667	298.642746	0	[wc-test-24-1508005484]	{}
241	271	20000.533333	10.549004	15.138815	28.934143	2.731333	256.698097	0	[wc-test-24-1508005484]	{}
271	301	20000.266667	10.716856	15.228927	43.122687	2.707333	261.983307	0	[wc-test-24-1508005484]	{}
