start_time(s)	end_time(s)	rate(tuple/s)	mean(ms)	99%ile(ms)	99.9%ile(ms)	cores	mem(MB)	failed	ids	congested
0	30	3334.566667	61.918094	414.449663	474.218495	3.096667	286.794205	0	[wc-test-23-1508005180]	{}
30	60	10007.833333	9.481553	20.709375	114.687999	2.988333	164.733284	0	[wc-test-23-1508005180]	{}
60	90	10000.000000	8.504620	14.401535	38.502399	2.500667	331.844139	0	[wc-test-23-1508005180]	{}
90	120	10000.333333	8.457198	13.590527	43.188223	2.465333	273.372520	0	[wc-test-23-1508005180]	{}
120	150	10000.500000	8.675211	14.024703	42.205183	2.482000	276.388107	0	[wc-test-23-1508005180]	{}
150	180	9999.900000	8.357783	13.058047	31.178751	2.462333	255.898628	0	[wc-test-23-1508005180]	{}
180	210	10000.200000	8.455738	13.967359	39.845887	2.623333	320.534340	0	[wc-test-23-1508005180]	{}
210	240	10000.166667	8.484806	13.647871	40.435711	2.469000	270.292999	0	[wc-test-23-1508005180]	{}
240	271	9677.967742	8.360492	13.664255	51.544063	2.513548	246.185387	0	[wc-test-23-1508005180]	{}
271	301	9999.433333	8.542535	13.508607	34.177023	2.438333	266.023949	0	[wc-test-23-1508005180]	{}
