start_time(s)	end_time(s)	rate(tuple/s)	mean(ms)	99%ile(ms)	99.9%ile(ms)	cores	mem(MB)	failed	ids	congested
0	30	6677.766667	415.418192	1432.354815	1478.492159	3.139333	278.239334	0	[wc-test-15-1508002744]	{}
30	60	20007.666667	10.935780	23.003135	72.876031	3.630000	198.866020	0	[wc-test-15-1508002744]	{}
60	90	20000.433333	9.832278	15.540223	34.013183	2.976667	302.411186	0	[wc-test-15-1508002744]	{}
90	120	20001.900000	9.774965	15.089663	44.859391	2.860667	327.382393	0	[wc-test-15-1508002744]	{}
120	150	20000.066667	9.874029	15.671295	61.112319	2.893000	341.386360	0	[wc-test-15-1508002744]	{}
150	180	20001.633333	9.915895	14.917631	42.106879	2.878333	235.746857	0	[wc-test-15-1508002744]	{}
180	210	19998.866667	9.841224	15.777791	48.103423	3.001333	263.535347	0	[wc-test-15-1508002744]	{}
210	240	19999.766667	9.835744	14.860287	39.092223	2.873000	259.158798	0	[wc-test-15-1508002744]	{}
240	270	20001.600000	9.781057	14.548991	25.575423	2.947667	249.673851	0	[wc-test-15-1508002744]	{}
270	300	19998.566667	9.763491	15.114239	49.774591	2.880667	111.284485	0	[wc-test-15-1508002744]	{}
