start_time(s)	end_time(s)	rate(tuple/s)	mean(ms)	99%ile(ms)	99.9%ile(ms)	cores	mem(MB)	failed	ids	congested
0	30	6678.900000	40.941077	462.684159	586.153983	4.406000	216.499374	0	[wc-test-14-1508002440]	{}
30	60	10001.566667	8.725761	15.605759	38.436863	2.611667	272.002663	0	[wc-test-14-1508002440]	{}
60	90	9999.933333	8.367575	13.787135	32.538623	2.539333	263.443077	0	[wc-test-14-1508002440]	{}
90	120	10000.600000	8.377514	13.262847	21.774335	2.509333	245.762123	0	[wc-test-14-1508002440]	{}
120	150	10000.100000	8.411880	13.541375	34.963455	2.543333	162.872406	0	[wc-test-14-1508002440]	{}
150	180	9999.566667	8.455086	13.295615	33.112063	2.589000	234.135979	0	[wc-test-14-1508002440]	{}
180	210	10000.733333	8.516189	13.352959	35.291135	2.600000	197.732651	0	[wc-test-14-1508002440]	{}
210	240	9999.900000	8.269225	12.845055	16.269311	2.538667	204.824303	0	[wc-test-14-1508002440]	{}
240	270	9999.666667	8.521743	14.270463	48.168959	2.500000	273.603172	0	[wc-test-14-1508002440]	{}
270	300	10000.600000	8.360320	13.197311	32.686079	2.444000	241.396645	0	[wc-test-14-1508002440]	{}
