start_time(s)	end_time(s)	rate(tuple/s)	mean(ms)	99%ile(ms)	99.9%ile(ms)	cores	mem(MB)	failed	ids	congested
0	30	0.000000	0.000000	0.000000	0.000000	0.000000	0.000000	0	[wc-test-16-1508003048]	{}
30	61	5853.903226	1622.843796	10108.272639	11316.232191	9.762258	438.401207	0	[wc-test-16-1508003048]	{}
61	91	5000.633333	12.830034	25.329663	39.157759	3.300333	550.601868	0	[wc-test-16-1508003048]	{}
91	121	5000.166667	12.488346	22.396927	30.900223	3.166000	479.705238	0	[wc-test-16-1508003048]	{}
121	151	5000.466667	12.496293	22.462463	30.883839	3.157333	512.307762	0	[wc-test-16-1508003048]	{}
151	181	5000.133333	12.465748	22.200319	30.228479	3.171667	536.469643	0	[wc-test-16-1508003048]	{}
181	211	5000.033333	12.494797	21.479423	27.164671	3.188000	356.346519	0	[wc-test-16-1508003048]	{}
211	241	5000.200000	12.494514	22.085631	29.360127	3.274667	477.569397	0	[wc-test-16-1508003048]	{}
241	271	5000.333333	12.349589	21.020671	27.574271	3.423333	621.205055	0	[wc-test-16-1508003048]	{}
271	301	4999.733333	12.335522	20.250623	24.854527	3.112667	652.374748	0	[wc-test-16-1508003048]	{}
