start_time(s)	end_time(s)	rate(tuple/s)	mean(ms)	99%ile(ms)	99.9%ile(ms)	cores	mem(MB)	failed	ids	congested
0	30	0.000000	0.000000	0.000000	0.000000	0.000000	0.000000	0	[wc-test-7-1508000307]	{}
30	61	6666.870968	348.188331	8220.835839	10536.091647	11.244839	544.037834	0	[wc-test-7-1508000307]	{}
61	91	5000.000000	12.887955	24.887295	34.865151	3.307667	323.026993	0	[wc-test-7-1508000307]	{}
91	121	5000.533333	12.634474	22.347775	31.129599	3.243667	513.718018	0	[wc-test-7-1508000307]	{}
121	151	5000.266667	12.624108	22.773759	33.456127	3.227333	500.716248	0	[wc-test-7-1508000307]	{}
151	181	5000.100000	12.677074	23.904255	38.666239	3.227667	377.642403	0	[wc-test-7-1508000307]	{}
181	211	5000.000000	12.621308	22.937599	35.848191	3.323333	563.146133	0	[wc-test-7-1508000307]	{}
211	241	5000.200000	12.518893	21.577727	29.114367	3.294333	442.682556	0	[wc-test-7-1508000307]	{}
241	271	5000.066667	12.552225	21.381119	29.605887	3.213000	532.727371	0	[wc-test-7-1508000307]	{}
271	301	5000.066667	12.514118	21.610495	30.965759	3.211000	419.454338	0	[wc-test-7-1508000307]	{}
