start_time(s)	end_time(s)	rate(tuple/s)	mean(ms)	99%ile(ms)	99.9%ile(ms)	cores	mem(MB)	failed	ids	congested
0	30	1883.300000	868.175968	9672.065023	10703.863807	5.340333	475.739265	0	[wc-test-25-1508005788]	{}
30	61	4844.645161	26.837123	198.574079	262.930431	5.928065	458.835297	0	[wc-test-25-1508005788]	{}
61	92	4838.580645	12.826084	23.511039	34.111487	3.286129	324.857918	0	[wc-test-25-1508005788]	{}
92	122	5000.200000	12.618078	22.495231	29.343743	3.212667	605.456306	0	[wc-test-25-1508005788]	{}
122	152	5000.333333	12.595301	22.724607	34.865151	3.303000	479.555504	0	[wc-test-25-1508005788]	{}
152	182	4999.966667	12.567987	22.265855	30.507007	3.304667	354.601913	0	[wc-test-25-1508005788]	{}
182	212	5000.033333	12.595810	22.102015	28.999679	3.358333	527.750328	0	[wc-test-25-1508005788]	{}
212	242	5000.066667	12.444459	21.364735	27.738111	3.279667	312.627197	0	[wc-test-25-1508005788]	{}
242	272	5000.066667	12.542882	22.151167	29.097983	3.234333	491.849319	0	[wc-test-25-1508005788]	{}
272	302	5000.000000	12.447012	21.495807	27.623423	3.204667	583.771095	0	[wc-test-25-1508005788]	{}
