start_time(s)	end_time(s)	rate(tuple/s)	mean(ms)	99%ile(ms)	99.9%ile(ms)	cores	mem(MB)	failed	ids	congested
0	30	13334.566667	52.745162	748.158975	819.986431	2.419667	167.854759	0	[wc-test-12-1507914858]	{}
30	60	19999.433333	10.571102	15.065087	33.030143	1.791333	124.466904	0	[wc-test-12-1507914858]	{}
60	90	19999.466667	10.616094	14.696447	40.763391	1.719000	113.378838	0	[wc-test-12-1507914858]	{}
90	120	20000.400000	10.725655	14.893055	27.230207	1.708667	132.553772	0	[wc-test-12-1507914858]	{}
120	150	20001.033333	10.348540	14.622719	43.515903	1.767333	128.738930	0	[wc-test-12-1507914858]	{}
150	180	19999.833333	10.187751	14.180351	41.648127	1.773667	103.873016	0	[wc-test-12-1507914858]	{}
180	210	19999.866667	10.302172	14.221311	27.754495	1.660667	202.473846	0	[wc-test-12-1507914858]	{}
210	240	20000.233333	10.434140	14.286847	50.003967	1.776333	65.035622	0	[wc-test-12-1507914858]	{}
240	270	20000.300000	10.073568	13.795327	27.869183	1.650000	94.082191	0	[wc-test-12-1507914858]	{}
270	300	20000.966667	10.436140	14.311423	39.845887	1.713000	123.448082	0	[wc-test-12-1507914858]	{}
