start_time(s)	end_time(s)	rate(tuple/s)	mean(ms)	99%ile(ms)	99.9%ile(ms)	cores	mem(MB)	failed	ids	congested
0	30	6671.933333	18.364203	273.678335	490.733567	2.200000	184.783257	0	[wc-test-11-1507914554]	{}
30	60	10000.266667	9.266331	13.811711	40.304639	1.391333	46.809898	0	[wc-test-11-1507914554]	{}
60	90	10000.100000	9.242228	13.819903	40.959999	1.331333	99.813545	0	[wc-test-11-1507914554]	{}
90	120	10000.233333	9.237154	13.418495	21.381119	1.293333	162.624313	0	[wc-test-11-1507914554]	{}
120	150	10000.166667	9.442500	13.344767	26.869759	1.344667	117.370316	0	[wc-test-11-1507914554]	{}
150	180	9999.200000	9.274995	13.500415	42.926079	1.410667	79.999374	0	[wc-test-11-1507914554]	{}
180	210	10000.433333	9.452471	13.811711	36.995071	1.294333	130.807335	0	[wc-test-11-1507914554]	{}
210	240	9999.566667	9.183549	13.238271	31.424511	1.367333	80.144737	0	[wc-test-11-1507914554]	{}
240	270	10000.600000	9.364914	13.352959	21.020671	1.299333	137.899055	0	[wc-test-11-1507914554]	{}
270	300	10000.033333	9.345214	13.410303	27.787263	1.284000	106.104424	0	[wc-test-11-1507914554]	{}
