start_time(s)	end_time(s)	rate(tuple/s)	mean(ms)	99%ile(ms)	99.9%ile(ms)	cores	mem(MB)	failed	ids	congested
0	30	1666.700000	22.063796	335.806463	521.666559	1.538667	111.998444	0	[wc-test-1-1507911504]	{}
30	60	5003.733333	8.927984	14.737407	53.739519	1.241667	162.455345	0	[wc-test-1-1507911504]	{}
60	90	4999.800000	8.683216	12.779519	15.319039	1.097333	123.469879	0	[wc-test-1-1507911504]	{}
90	120	5000.266667	8.636349	12.705791	24.150015	1.100333	97.135208	0	[wc-test-1-1507911504]	{}
120	151	4838.870968	8.644578	12.722175	15.376383	1.058387	172.140762	0	[wc-test-1-1507911504]	{}
151	181	4999.866667	8.654436	12.615679	25.722879	1.189000	130.389984	0	[wc-test-1-1507911504]	{}
181	211	5000.000000	8.798679	12.738559	14.811135	1.117000	80.434776	0	[wc-test-1-1507911504]	{}
211	241	5000.266667	8.669259	12.492799	14.270463	1.057333	144.016441	0	[wc-test-1-1507911504]	{}
241	271	4999.866667	8.657967	12.681215	14.303231	1.116000	104.307610	0	[wc-test-1-1507911504]	{}
271	301	5000.166667	8.676051	12.812287	21.069823	1.085000	155.142982	0	[wc-test-1-1507911504]	{}
