start_time(s)	end_time(s)	rate(tuple/s)	mean(ms)	99%ile(ms)	99.9%ile(ms)	cores	mem(MB)	failed	ids	congested
0	31	1617.451613	35.045475	436.994047	717.225983	2.506452	241.853806	0	[wc-test-4-1507912416]	{}
31	61	5000.633333	10.876814	36.012031	82.378751	2.199000	230.562111	0	[wc-test-4-1507912416]	{}
61	91	5000.033333	9.712142	14.016511	17.350655	1.911333	329.369247	0	[wc-test-4-1507912416]	{}
91	121	5000.566667	9.423254	13.754367	18.038783	1.941333	357.191788	0	[wc-test-4-1507912416]	{}
121	151	4999.933333	9.366409	13.705215	17.612799	1.961667	78.827286	0	[wc-test-4-1507912416]	{}
151	181	5000.300000	9.300945	13.426687	17.154047	1.807000	223.872345	0	[wc-test-4-1507912416]	{}
181	211	4999.966667	9.264409	13.082623	15.925247	1.838000	286.972946	0	[wc-test-4-1507912416]	{}
211	241	5000.100000	9.254402	12.877823	15.998975	1.903333	226.864265	0	[wc-test-4-1507912416]	{}
241	271	5000.066667	9.292099	12.992511	15.507455	1.813000	171.950279	0	[wc-test-4-1507912416]	{}
271	301	5000.033333	9.246797	13.025279	16.171007	1.768667	307.898315	0	[wc-test-4-1507912416]	{}
