start_time(s)	end_time(s)	rate(tuple/s)	mean(ms)	99%ile(ms)	99.9%ile(ms)	cores	mem(MB)	failed	ids	congested
0	30	5844.566667	3741.797788	13589.544959	14453.571583	4.117333	335.034729	0	[wc-test-14-1507915465]	{}
30	60	10000.500000	10.739700	17.006591	35.749887	2.230667	302.108490	0	[wc-test-14-1507915465]	{}
60	90	10000.166667	10.565518	15.015935	20.299775	2.051667	322.227188	0	[wc-test-14-1507915465]	{}
90	120	10000.000000	10.790315	15.024127	19.890175	2.074667	338.352043	0	[wc-test-14-1507915465]	{}
120	150	10000.166667	10.712523	15.368191	26.345471	2.144333	254.351891	0	[wc-test-14-1507915465]	{}
150	180	10000.600000	10.864674	15.179775	24.412159	2.091000	271.786774	0	[wc-test-14-1507915465]	{}
180	210	10000.033333	10.788001	15.376383	24.346623	2.090333	409.410187	0	[wc-test-14-1507915465]	{}
210	240	10000.000000	10.711822	14.745599	17.612799	2.239667	240.434448	0	[wc-test-14-1507915465]	{}
240	270	10000.533333	10.789498	15.048703	18.481151	2.058333	368.628853	0	[wc-test-14-1507915465]	{}
270	300	10000.400000	10.724208	14.663679	18.235391	2.082333	294.225449	0	[wc-test-14-1507915465]	{}
