start_time(s)	end_time(s)	rate(tuple/s)	mean(ms)	99%ile(ms)	99.9%ile(ms)	cores	mem(MB)	failed	ids	congested
0	30	6677.300000	55.025745	692.060159	927.989759	4.354000	226.828262	0	[wc-test-22-1507917911]	{}
30	60	10000.433333	9.513132	14.835711	20.627455	2.236000	181.696922	0	[wc-test-22-1507917911]	{}
60	90	10000.333333	9.834745	14.163967	18.186239	2.102667	247.772568	0	[wc-test-22-1507917911]	{}
90	120	9999.600000	9.916608	14.499839	17.760255	2.130000	130.258011	0	[wc-test-22-1507917911]	{}
120	150	10000.333333	10.207877	14.368767	17.940479	2.127000	206.679764	0	[wc-test-22-1507917911]	{}
150	180	9999.700000	9.882230	14.155775	18.104319	2.158667	308.148193	0	[wc-test-22-1507917911]	{}
180	210	10000.500000	9.665150	14.057471	22.544383	2.156333	227.772888	0	[wc-test-22-1507917911]	{}
210	240	9999.066667	9.971800	14.385151	21.643263	2.241667	219.655693	0	[wc-test-22-1507917911]	{}
240	270	10001.933333	9.699916	14.000127	17.858559	2.092667	227.620659	0	[wc-test-22-1507917911]	{}
270	300	9999.566667	9.672741	13.787135	17.104895	2.120333	242.419937	0	[wc-test-22-1507917911]	{}
