start_time(s)	end_time(s)	rate(tuple/s)	mean(ms)	99%ile(ms)	99.9%ile(ms)	cores	mem(MB)	failed	ids	congested
0	30	4626.033333	2114.689610	4496.293887	5163.188223	3.172667	326.162613	0	[wc-test-23-1507918215]	{}
30	60	22058.300000	688.102563	9403.629567	10301.210623	3.771667	362.742050	0	[wc-test-23-1507918215]	{}
60	90	20000.433333	12.236877	17.072127	29.540351	2.500333	452.153748	0	[wc-test-23-1507918215]	{}
90	120	20000.866667	12.304626	17.186815	49.315839	2.462000	251.613297	0	[wc-test-23-1507918215]	{}
120	150	19999.466667	12.368605	17.891327	57.540607	2.450667	286.513557	0	[wc-test-23-1507918215]	{}
150	180	20001.066667	12.105350	16.859135	31.670271	2.475000	307.313217	0	[wc-test-23-1507918215]	{}
180	210	19999.733333	12.255087	16.859135	41.615359	2.481000	297.269402	0	[wc-test-23-1507918215]	{}
210	240	20000.600000	12.151555	16.441343	35.520511	2.667667	309.468719	0	[wc-test-23-1507918215]	{}
240	270	20000.166667	12.263866	16.826367	43.941887	2.506333	192.628128	0	[wc-test-23-1507918215]	{}
270	300	19999.233333	12.123595	16.941055	44.269567	2.498333	291.049767	0	[wc-test-23-1507918215]	{}
