start_time(s)	end_time(s)	rate(tuple/s)	mean(ms)	99%ile(ms)	99.9%ile(ms)	cores	mem(MB)	failed	ids	congested
0	30	1670.300000	29.387010	297.795583	454.033407	2.611333	301.468544	0	[wc-test-13-1507915162]	{}
30	60	5001.333333	11.037909	37.552127	76.283903	2.245000	279.428215	0	[wc-test-13-1507915162]	{}
60	90	5000.366667	9.231747	13.484031	17.186815	1.952000	119.678375	0	[wc-test-13-1507915162]	{}
90	120	4999.700000	9.422451	13.811711	17.186815	1.942000	254.929245	0	[wc-test-13-1507915162]	{}
120	150	5000.300000	9.408418	13.901823	17.760255	1.943000	281.901428	0	[wc-test-13-1507915162]	{}
150	180	5000.100000	9.412167	14.106623	18.071551	1.961333	201.077515	0	[wc-test-13-1507915162]	{}
180	210	5000.066667	9.152602	13.033471	16.539647	1.947667	258.288582	0	[wc-test-13-1507915162]	{}
210	240	5000.066667	9.439125	13.942783	18.857983	1.871667	186.184212	0	[wc-test-13-1507915162]	{}
240	270	4999.966667	9.220053	13.000703	16.809983	1.845667	238.829544	0	[wc-test-13-1507915162]	{}
270	300	5000.400000	9.178032	13.066239	17.907711	1.783000	180.118584	0	[wc-test-13-1507915162]	{}
