start_time(s)	end_time(s)	rate(tuple/s)	mean(ms)	99%ile(ms)	99.9%ile(ms)	cores	mem(MB)	failed	ids	congested
0	31	6460.548387	50.201771	548.929535	699.924479	4.084516	279.151360	0	[wc-test-5-1507912720]	{}
31	61	10000.233333	10.338278	16.138239	23.756799	2.218667	310.131264	0	[wc-test-5-1507912720]	{}
61	91	10000.633333	10.169716	15.777791	22.265855	2.227000	253.662247	0	[wc-test-5-1507912720]	{}
91	121	9999.766667	9.877157	14.696447	18.497535	2.272000	112.897194	0	[wc-test-5-1507912720]	{}
121	151	10000.433333	10.108398	15.613951	20.807679	2.263000	229.770935	0	[wc-test-5-1507912720]	{}
151	181	10000.100000	10.009700	14.147583	16.842751	2.120333	290.996597	0	[wc-test-5-1507912720]	{}
181	211	10000.700000	9.998907	14.483455	27.983871	2.140667	260.295006	0	[wc-test-5-1507912720]	{}
211	241	10000.166667	9.631942	14.147583	17.661951	2.239667	235.653725	0	[wc-test-5-1507912720]	{}
241	271	10000.233333	9.998736	14.335999	24.559615	2.066667	289.338791	0	[wc-test-5-1507912720]	{}
271	301	10000.366667	9.621694	13.754367	16.957439	2.067667	280.481079	0	[wc-test-5-1507912720]	{}
