start_time(s)	end_time(s)	rate(tuple/s)	mean(ms)	99%ile(ms)	99.9%ile(ms)	cores	mem(MB)	failed	ids	congested
0	30	2502.266667	1848.373020	9319.743487	9848.225791	2.317667	144.478088	0	[wc-test-19-1508118969]	{}
30	60	5000.300000	9.362186	12.378111	17.121279	1.266667	125.696960	0	[wc-test-19-1508118969]	{}
60	90	5000.100000	9.400095	12.206079	15.409151	1.197000	100.090355	0	[wc-test-19-1508118969]	{}
90	120	4999.533333	9.650120	12.255231	14.999551	1.180000	73.545723	0	[wc-test-19-1508118969]	{}
120	150	5000.600000	9.692533	12.255231	15.450111	1.246333	146.966049	0	[wc-test-19-1508118969]	{}
150	180	4999.500000	9.527278	12.140543	15.908863	1.286333	130.299965	0	[wc-test-19-1508118969]	{}
180	210	5000.400000	9.693408	12.189695	14.262271	1.168667	107.696991	0	[wc-test-19-1508118969]	{}
210	240	4999.833333	9.370296	12.148735	15.384575	1.162000	171.660576	0	[wc-test-19-1508118969]	{}
240	270	5000.200000	9.715614	12.255231	14.721023	1.157000	155.140907	0	[wc-test-19-1508118969]	{}
270	300	4999.733333	9.651173	12.230655	15.679487	1.181667	143.361694	0	[wc-test-19-1508118969]	{}
