start_time(s)	end_time(s)	rate(tuple/s)	mean(ms)	99%ile(ms)	99.9%ile(ms)	cores	mem(MB)	failed	ids	congested
0	30	13338.033333	41.619603	399.507455	452.460543	2.575333	124.358170	0	[wc-test-21-1508119577]	{}
30	60	20000.800000	9.349204	13.426687	28.508159	1.832667	96.084846	0	[wc-test-21-1508119577]	{}
60	90	19998.866667	9.218794	12.861439	41.189375	1.806333	179.831223	0	[wc-test-21-1508119577]	{}
90	120	20001.266667	9.153483	12.828671	27.672575	1.780000	148.587517	0	[wc-test-21-1508119577]	{}
120	150	20000.733333	9.141692	12.378111	19.447807	1.827333	35.520897	0	[wc-test-21-1508119577]	{}
150	180	19998.433333	9.087731	12.451839	60.129279	1.831000	59.471382	0	[wc-test-21-1508119577]	{}
180	210	20001.300000	8.860080	12.173311	15.458303	1.712000	151.603302	0	[wc-test-21-1508119577]	{}
210	240	20001.000000	9.315900	12.951551	43.548671	1.791333	122.564590	0	[wc-test-21-1508119577]	{}
240	270	19999.433333	9.021278	12.656639	44.728319	1.699000	116.457359	0	[wc-test-21-1508119577]	{}
270	300	19998.666667	8.915401	12.238847	14.942207	1.750667	105.210670	0	[wc-test-21-1508119577]	{}
