start_time(s)	end_time(s)	rate(tuple/s)	mean(ms)	99%ile(ms)	99.9%ile(ms)	cores	mem(MB)	failed	ids	congested
0	30	6668.633333	12.852284	110.231551	136.839167	2.470667	175.328842	0	[wc-test-11-1508116532]	{}
30	60	9999.900000	8.455835	12.181503	35.127295	1.445667	134.314041	0	[wc-test-11-1508116532]	{}
60	90	10000.233333	8.209711	11.755519	40.763391	1.384000	190.625763	0	[wc-test-11-1508116532]	{}
90	120	10000.366667	8.012527	11.362303	20.414463	1.373000	135.901306	0	[wc-test-11-1508116532]	{}
120	150	10000.866667	8.166344	11.476991	33.980415	1.437000	85.977196	0	[wc-test-11-1508116532]	{}
150	180	9999.933333	8.117625	11.452415	34.963455	1.503333	134.983467	0	[wc-test-11-1508116532]	{}
180	210	10000.266667	8.012669	11.206655	22.478847	1.383333	81.388824	0	[wc-test-11-1508116532]	{}
210	240	10000.166667	8.155525	11.354111	39.223295	1.368333	134.086647	0	[wc-test-11-1508116532]	{}
240	270	9999.633333	7.958767	11.026431	22.527999	1.315667	189.995689	0	[wc-test-11-1508116532]	{}
270	300	10000.200000	7.918666	11.550719	42.500095	1.384667	154.015450	0	[wc-test-11-1508116532]	{}
