start_time(s)	end_time(s)	rate(tuple/s)	mean(ms)	99%ile(ms)	99.9%ile(ms)	cores	mem(MB)	failed	ids	congested
0	30	3335.533333	10.258112	51.216383	115.081215	2.108667	183.394951	0	[wc-test-1-1508113484]	{}
30	60	5000.433333	7.860860	11.239423	25.624575	1.170000	93.665665	0	[wc-test-1-1508113484]	{}
60	90	4999.766667	7.813973	10.928127	13.107199	1.119333	118.099686	0	[wc-test-1-1508113484]	{}
90	120	5000.233333	7.826170	10.928127	21.135359	1.136000	137.081612	0	[wc-test-1-1508113484]	{}
120	151	4838.870968	7.844189	10.977279	14.508031	1.123548	60.294411	0	[wc-test-1-1508113484]	{}
151	181	5000.133333	7.814664	11.051007	22.102015	1.282667	90.342575	0	[wc-test-1-1508113484]	{}
181	211	5000.366667	7.750953	10.895359	13.410303	1.116000	113.602440	0	[wc-test-1-1508113484]	{}
211	241	4999.933333	7.800817	10.903551	12.607487	1.104667	128.908440	0	[wc-test-1-1508113484]	{}
241	271	5000.433333	7.716048	10.846207	20.791295	1.119667	161.183830	0	[wc-test-1-1508113484]	{}
271	301	5000.100000	7.692291	10.649599	12.959743	1.134333	92.269852	0	[wc-test-1-1508113484]	{}
