start_time(s)	end_time(s)	rate(tuple/s)	mean(ms)	99%ile(ms)	99.9%ile(ms)	cores	mem(MB)	failed	ids	congested
0	30	13333.966667	52.991942	565.706751	628.097023	2.688667	50.449760	0	[wc-test-12-1508116836]	{}
30	60	20001.366667	9.084576	14.139391	45.318143	1.842667	170.164589	0	[wc-test-12-1508116836]	{}
60	90	19999.800000	9.194203	13.623295	45.580287	1.770333	148.130569	0	[wc-test-12-1508116836]	{}
90	120	20000.266667	8.737552	12.238847	25.640959	1.753000	58.378265	0	[wc-test-12-1508116836]	{}
120	150	20001.833333	8.932775	12.812287	41.517055	1.808333	177.492577	0	[wc-test-12-1508116836]	{}
150	180	19999.600000	9.060429	12.402687	27.361279	1.816333	174.242111	0	[wc-test-12-1508116836]	{}
180	210	19999.500000	8.941622	12.509183	38.502399	1.770667	72.000839	0	[wc-test-12-1508116836]	{}
210	240	20000.466667	9.087364	12.533759	40.108031	1.766667	158.572571	0	[wc-test-12-1508116836]	{}
240	270	20001.600000	9.073441	12.722175	30.228479	1.728333	143.572716	0	[wc-test-12-1508116836]	{}
270	300	20000.633333	8.917132	12.853247	41.811967	1.803000	147.068893	0	[wc-test-12-1508116836]	{}
