start_time(s)	end_time(s)	rate(tuple/s)	mean(ms)	99%ile(ms)	99.9%ile(ms)	cores	mem(MB)	failed	ids	congested
0	31	6448.935484	129.463458	811.597823	861.405183	1.960968	134.304070	0	[wc-test-3-1508114093]	{}
31	61	20010.000000	9.788683	16.146431	48.922623	2.033333	89.636711	0	[wc-test-3-1508114093]	{}
61	91	19999.566667	9.200308	12.615679	15.941631	1.828667	163.819435	0	[wc-test-3-1508114093]	{}
91	121	20002.400000	9.271001	12.877823	40.075263	1.839333	116.300415	0	[wc-test-3-1508114093]	{}
121	151	19998.066667	9.515027	13.139967	23.674879	1.842667	79.231812	0	[wc-test-3-1508114093]	{}
151	181	20000.933333	9.430510	12.902399	26.509311	1.902000	126.821976	0	[wc-test-3-1508114093]	{}
181	211	19999.966667	9.223945	12.681215	26.165247	1.867667	119.190529	0	[wc-test-3-1508114093]	{}
211	241	20000.133333	9.311164	12.713983	29.671423	1.780667	135.470924	0	[wc-test-3-1508114093]	{}
241	271	20000.033333	9.000013	12.279807	24.264703	1.783000	158.831230	0	[wc-test-3-1508114093]	{}
271	301	20000.600000	8.985269	12.304383	38.633471	1.784333	52.968796	0	[wc-test-3-1508114093]	{}
