start_time(s)	end_time(s)	rate(tuple/s)	mean(ms)	99%ile(ms)	99.9%ile(ms)	cores	mem(MB)	failed	ids	congested
0	30	88.966667	9172.634836	9412.018175	9412.018175	0.916667	115.386719	0	[wc-test-20-1508119273]	{}
30	60	11579.866667	1192.273741	9017.753599	10108.272639	2.667000	159.895912	0	[wc-test-20-1508119273]	{}
60	90	10000.033333	9.889653	12.713983	16.039935	1.392000	167.966888	0	[wc-test-20-1508119273]	{}
90	120	10000.166667	9.869944	12.722175	16.162815	1.362000	163.290848	0	[wc-test-20-1508119273]	{}
120	150	10000.300000	9.858816	12.615679	15.368191	1.376667	170.791039	0	[wc-test-20-1508119273]	{}
150	180	10000.333333	9.740220	12.664831	21.626879	1.513333	164.126953	0	[wc-test-20-1508119273]	{}
180	210	10000.000000	9.692536	12.320767	15.581183	1.372000	162.155701	0	[wc-test-20-1508119273]	{}
210	240	9999.600000	9.781751	12.361727	15.638527	1.337000	152.420021	0	[wc-test-20-1508119273]	{}
240	270	10000.166667	9.932328	12.509183	15.065087	1.324333	151.641617	0	[wc-test-20-1508119273]	{}
270	300	10000.166667	9.916655	12.877823	16.031743	1.346333	230.329803	0	[wc-test-20-1508119273]	{}
