start_time(s)	end_time(s)	rate(tuple/s)	mean(ms)	99%ile(ms)	99.9%ile(ms)	cores	mem(MB)	failed	ids	congested
0	30	271.366667	8071.689718	9512.681471	9571.401727	0.901667	75.085060	0	[wc-test-10-1508116228]	{}
30	60	5568.466667	486.573268	6194.987007	6736.052223	2.408333	233.730125	0	[wc-test-10-1508116228]	{}
60	90	5000.300000	9.757559	12.238847	14.901247	1.159333	138.119278	0	[wc-test-10-1508116228]	{}
90	120	5000.000000	9.443039	12.140543	15.630335	1.145333	134.329887	0	[wc-test-10-1508116228]	{}
120	150	5000.033333	9.684013	12.148735	14.114815	1.136000	140.395554	0	[wc-test-10-1508116228]	{}
150	180	5000.333333	9.540285	12.075007	14.794751	1.342667	155.334129	0	[wc-test-10-1508116228]	{}
180	210	4999.866667	9.639940	12.156927	14.860287	1.124333	154.508003	0	[wc-test-10-1508116228]	{}
210	240	5000.166667	9.654177	12.156927	14.770175	1.139333	163.068687	0	[wc-test-10-1508116228]	{}
240	270	4999.966667	9.608726	12.091391	14.155775	1.122333	166.864540	0	[wc-test-10-1508116228]	{}
270	300	5000.433333	9.563393	12.148735	14.786559	1.133333	69.933685	0	[wc-test-10-1508116228]	{}
