start_time(s)	end_time(s)	rate(tuple/s)	mean(ms)	99%ile(ms)	99.9%ile(ms)	cores	mem(MB)	failed	ids	congested
0	30	6670.266667	15.228428	178.257919	230.424575	2.402333	149.989777	0	[wc-test-2-1508113789]	{}
30	60	10000.800000	8.201117	12.115967	33.882111	1.451333	113.145432	0	[wc-test-2-1508113789]	{}
60	90	9999.733333	8.088774	11.485183	37.912575	1.377000	83.786598	0	[wc-test-2-1508113789]	{}
90	120	10000.066667	7.922953	11.059199	21.774335	1.355000	152.159752	0	[wc-test-2-1508113789]	{}
120	150	10000.400000	8.227614	11.763711	31.506431	1.416333	109.510765	0	[wc-test-2-1508113789]	{}
150	180	9999.633333	8.191795	11.780095	43.843583	1.511667	172.625252	0	[wc-test-2-1508113789]	{}
180	210	10000.933333	8.134871	11.534335	27.967487	1.358000	129.218048	0	[wc-test-2-1508113789]	{}
210	240	9999.500000	8.128552	11.403263	40.828927	1.356000	94.225494	0	[wc-test-2-1508113789]	{}
240	270	10000.833333	8.009969	11.247615	19.677183	1.335333	156.008446	0	[wc-test-2-1508113789]	{}
270	300	9999.833333	8.068322	11.288575	21.446655	1.347000	119.994270	0	[wc-test-2-1508113789]	{}
