start_time(s)	end_time(s)	rate(tuple/s)	mean(ms)	99%ile(ms)	99.9%ile(ms)	cores	mem(MB)	failed	ids	congested
0	30	205.800000	8733.171364	9588.178943	9672.065023	2.171000	143.753036	0	[wc-test-13-1508117140]	{}
30	60	6047.900000	1251.406561	8111.783935	9663.676415	3.387000	263.650131	0	[wc-test-13-1508117140]	{}
60	90	5000.033333	9.556808	13.983743	19.398655	2.040333	225.312263	0	[wc-test-13-1508117140]	{}
90	120	5000.366667	9.546161	13.950975	18.055167	2.075000	274.702751	0	[wc-test-13-1508117140]	{}
120	150	4999.900000	9.547620	13.967359	18.448383	2.032333	219.039330	0	[wc-test-13-1508117140]	{}
150	180	5000.200000	9.351723	13.385727	17.367039	2.137000	272.712196	0	[wc-test-13-1508117140]	{}
180	210	4999.966667	9.533092	13.836287	17.743871	2.117333	222.747726	0	[wc-test-13-1508117140]	{}
210	240	4999.800000	9.513274	13.672447	17.580031	2.175667	153.233932	0	[wc-test-13-1508117140]	{}
240	270	5000.200000	9.536136	13.983743	18.055167	2.276333	281.346230	0	[wc-test-13-1508117140]	{}
270	300	5000.366667	9.658021	13.983743	18.382847	2.149333	210.671150	0	[wc-test-13-1508117140]	{}
