start_time(s)	end_time(s)	rate(tuple/s)	mean(ms)	99%ile(ms)	99.9%ile(ms)	cores	mem(MB)	failed	ids	congested
0	30	280.400000	9058.329702	9672.065023	9755.951103	2.217000	182.410538	0	[wc-test-23-1508120185]	{}
30	60	12228.166667	1647.819400	8698.986495	9521.070079	3.885333	322.128586	0	[wc-test-23-1508120185]	{}
60	90	10000.666667	9.621064	14.917631	30.261247	2.435333	445.674187	0	[wc-test-23-1508120185]	{}
90	120	10000.100000	9.745102	14.835711	48.168959	2.400333	325.340347	0	[wc-test-23-1508120185]	{}
120	150	10000.300000	9.480875	13.844479	17.793023	2.362667	410.374626	0	[wc-test-23-1508120185]	{}
150	180	10000.100000	9.611552	14.598143	37.584895	2.456667	331.500351	0	[wc-test-23-1508120185]	{}
180	210	10000.100000	9.589660	13.885439	17.563647	2.486333	348.029854	0	[wc-test-23-1508120185]	{}
210	240	10000.166667	9.717220	14.573567	43.220991	2.437000	336.772743	0	[wc-test-23-1508120185]	{}
240	270	9999.733333	9.467268	13.967359	26.361855	2.385000	333.788956	0	[wc-test-23-1508120185]	{}
270	300	10000.400000	9.575353	14.204927	22.216703	2.383333	431.520004	0	[wc-test-23-1508120185]	{}
