start_time(s)	end_time(s)	rate(tuple/s)	mean(ms)	99%ile(ms)	99.9%ile(ms)	cores	mem(MB)	failed	ids	congested
0	30	13347.800000	382.522960	2474.639359	3391.094783	4.880333	274.610817	0	[wc-test-24-1508120489]	{}
30	60	19999.866667	10.805092	19.054591	49.512447	2.950333	192.561256	0	[wc-test-24-1508120489]	{}
60	90	20001.200000	10.444739	15.376383	35.061759	2.757333	173.677696	0	[wc-test-24-1508120489]	{}
90	120	19999.966667	10.440984	15.155199	29.229055	2.742000	152.029640	0	[wc-test-24-1508120489]	{}
120	150	20000.266667	10.518437	15.925247	41.975807	2.743667	270.862877	0	[wc-test-24-1508120489]	{}
150	180	20000.466667	10.503636	15.368191	44.597247	2.738000	306.593620	0	[wc-test-24-1508120489]	{}
180	210	19999.833333	10.496548	15.253503	26.673151	2.892667	154.227310	0	[wc-test-24-1508120489]	{}
210	240	20001.233333	10.529480	15.736831	43.384831	2.866667	283.547142	0	[wc-test-24-1508120489]	{}
240	270	19998.233333	10.564911	15.237119	24.412159	2.671333	225.447754	0	[wc-test-24-1508120489]	{}
270	300	20001.133333	10.526271	15.409151	40.435711	2.693333	300.407036	0	[wc-test-24-1508120489]	{}
