start_time(s)	end_time(s)	rate(tuple/s)	mean(ms)	99%ile(ms)	99.9%ile(ms)	cores	mem(MB)	failed	ids	congested
0	30	2921.566667	2670.809145	9235.857407	9873.391615	4.041667	317.703773	0	[wc-test-22-1508119881]	{}
30	60	5000.366667	9.835181	14.901247	23.035903	2.176333	385.215042	0	[wc-test-22-1508119881]	{}
60	90	5000.133333	9.432891	13.533183	18.350079	2.045000	277.923836	0	[wc-test-22-1508119881]	{}
90	120	5000.033333	9.514077	13.410303	17.219583	2.086000	272.004311	0	[wc-test-22-1508119881]	{}
120	150	5000.133333	9.879453	14.106623	18.186239	2.097333	208.766479	0	[wc-test-22-1508119881]	{}
150	180	5000.066667	9.402204	13.246463	16.670719	2.148000	204.368073	0	[wc-test-22-1508119881]	{}
180	210	4999.900000	9.350950	13.328383	17.334271	2.026667	389.733200	0	[wc-test-22-1508119881]	{}
210	240	5000.066667	9.399342	13.434879	17.268735	2.189000	259.271255	0	[wc-test-22-1508119881]	{}
240	270	5000.000000	9.677115	13.574143	17.022975	1.982333	320.423470	0	[wc-test-22-1508119881]	{}
270	300	5000.300000	9.432384	13.361151	17.154047	2.027667	296.515862	0	[wc-test-22-1508119881]	{}
