start_time(s)	end_time(s)	rate(tuple/s)	mean(ms)	99%ile(ms)	99.9%ile(ms)	cores	mem(MB)	failed	ids	congested
0	30	3338.200000	20.074348	174.718975	432.537599	4.152667	211.414398	0	[wc-test-4-1508114398]	{}
30	60	5000.200000	8.548172	14.237695	19.415039	2.276667	181.280624	0	[wc-test-4-1508114398]	{}
60	90	5000.166667	8.371103	13.369343	18.890751	2.237000	276.216255	0	[wc-test-4-1508114398]	{}
90	120	5000.000000	8.594690	13.697023	17.350655	2.179000	339.998657	0	[wc-test-4-1508114398]	{}
120	150	5000.166667	8.276445	13.000703	17.989631	2.332333	132.163239	0	[wc-test-4-1508114398]	{}
150	180	4999.966667	8.415180	13.000703	16.605183	2.319667	215.327919	0	[wc-test-4-1508114398]	{}
180	210	5000.266667	8.419645	13.099007	17.137663	2.300333	288.292702	0	[wc-test-4-1508114398]	{}
210	240	5000.266667	8.416278	13.123583	17.268735	2.306667	258.388596	0	[wc-test-4-1508114398]	{}
240	270	5000.100000	8.617935	13.311999	18.038783	2.218667	303.136894	0	[wc-test-4-1508114398]	{}
270	300	5000.033333	8.363184	12.910591	16.891903	2.223333	177.419365	0	[wc-test-4-1508114398]	{}
