start_time(s)	end_time(s)	rate(tuple/s)	mean(ms)	99%ile(ms)	99.9%ile(ms)	cores	mem(MB)	failed	ids	congested
0	30	6673.600000	29.816354	297.533439	467.927039	4.490667	190.079338	0	[wc-test-14-1508117444]	{}
30	60	10000.133333	8.593739	14.770175	35.192831	2.547000	152.965034	0	[wc-test-14-1508117444]	{}
60	90	10000.633333	8.467583	14.024703	32.735231	2.610333	202.527405	0	[wc-test-14-1508117444]	{}
90	120	9999.600000	8.441004	13.328383	27.705343	2.414000	245.094345	0	[wc-test-14-1508117444]	{}
120	150	10000.933333	8.385615	13.443071	26.853375	2.454000	312.256683	0	[wc-test-14-1508117444]	{}
150	180	9999.400000	8.487062	13.033471	29.114367	2.477667	263.974152	0	[wc-test-14-1508117444]	{}
180	210	9999.733333	8.550363	13.369343	34.930687	2.508000	95.867973	0	[wc-test-14-1508117444]	{}
210	240	10000.400000	8.642144	13.869055	31.703039	2.656667	91.486343	0	[wc-test-14-1508117444]	{}
240	270	10000.500000	8.323831	13.189119	35.979263	2.458333	150.288193	0	[wc-test-14-1508117444]	{}
270	300	10000.033333	8.448638	13.049855	36.241407	2.417667	192.980400	0	[wc-test-14-1508117444]	{}
