start_time(s)	end_time(s)	rate(tuple/s)	mean(ms)	99%ile(ms)	99.9%ile(ms)	cores	mem(MB)	failed	ids	congested
0	30	6676.500000	41.018145	447.217663	606.076927	4.248333	243.541351	0	[wc-test-5-1508114702]	{}
30	60	10000.233333	8.975576	15.212543	43.810815	2.613333	397.872078	0	[wc-test-5-1508114702]	{}
60	90	9996.466667	8.565623	14.311423	35.520511	2.709667	216.301163	0	[wc-test-5-1508114702]	{}
90	121	9682.193548	8.564961	13.934591	48.431103	2.536129	235.727188	0	[wc-test-5-1508114702]	{}
121	151	10000.066667	8.461893	14.270463	40.796159	2.754333	260.191620	0	[wc-test-5-1508114702]	{}
151	181	9999.466667	8.626836	13.950975	38.338559	2.599333	281.131065	0	[wc-test-5-1508114702]	{}
181	211	10000.600000	8.315274	13.664255	29.573119	2.615667	234.868942	0	[wc-test-5-1508114702]	{}
211	241	10000.233333	8.430774	13.934591	37.748735	2.729667	242.404152	0	[wc-test-5-1508114702]	{}
241	271	10000.000000	8.571423	13.910015	41.844735	2.604667	257.821777	0	[wc-test-5-1508114702]	{}
271	301	10000.066667	8.582213	13.852671	43.286527	2.634333	277.075554	0	[wc-test-5-1508114702]	{}
