start_time(s)	end_time(s)	rate(tuple/s)	mean(ms)	99%ile(ms)	99.9%ile(ms)	cores	mem(MB)	failed	ids	congested
0	30	581.833333	8711.330437	12683.575295	13740.539903	2.650667	298.287964	0	[wc-test-26-1508121099]	{}
30	61	11566.935484	3892.507932	10821.304319	12012.486655	8.606774	639.666359	0	[wc-test-26-1508121099]	{}
61	92	10081.645161	13.427073	28.737535	53.379071	3.871613	555.629967	0	[wc-test-26-1508121099]	{}
92	122	10000.233333	12.976458	24.510463	33.013759	3.882333	610.176460	0	[wc-test-26-1508121099]	{}
122	152	9999.733333	12.919441	24.346623	32.276479	4.043667	548.127716	0	[wc-test-26-1508121099]	{}
152	182	10833.966667	12.917822	25.788415	36.274175	4.093667	570.759666	0	[wc-test-26-1508121099]	{}
182	212	10000.166667	12.907030	24.690687	32.964607	4.086667	638.054466	0	[wc-test-26-1508121099]	{}
212	242	10000.466667	12.774957	24.166399	31.293439	4.039333	615.689484	0	[wc-test-26-1508121099]	{}
242	272	9999.633333	12.944784	25.755647	34.865151	4.001000	689.345009	0	[wc-test-26-1508121099]	{}
272	302	10000.933333	12.788747	23.445503	31.834111	3.868667	563.050468	0	[wc-test-26-1508121099]	{}
