start_time(s)	end_time(s)	rate(tuple/s)	mean(ms)	99%ile(ms)	99.9%ile(ms)	cores	mem(MB)	failed	ids	congested
0	30	0.000000	0.000000	0.000000	0.000000	0.000000	0.000000	0	[wc-test-17-1508118357]	{}
30	61	14531.000000	1246.572447	10326.376447	11651.776511	12.335161	573.265182	0	[wc-test-17-1508118357]	{}
61	91	9999.933333	13.302398	28.196863	48.693247	4.022333	529.121170	0	[wc-test-17-1508118357]	{}
91	122	9678.612903	12.985338	25.051135	37.289983	3.809032	717.029373	0	[wc-test-17-1508118357]	{}
122	152	9999.766667	13.002807	25.739263	41.123839	3.979000	605.003517	0	[wc-test-17-1508118357]	{}
152	182	10000.466667	12.849346	24.018943	36.732927	3.916000	400.869576	0	[wc-test-17-1508118357]	{}
182	212	9999.766667	13.089796	26.099711	76.873727	4.007333	590.965294	0	[wc-test-17-1508118357]	{}
212	242	10000.366667	12.779385	24.281087	32.980991	3.923333	390.821915	0	[wc-test-17-1508118357]	{}
242	272	10000.433333	12.801958	23.379967	32.145407	3.903667	408.502609	0	[wc-test-17-1508118357]	{}
272	302	10000.766667	12.747010	23.445503	31.211519	3.874667	419.555092	0	[wc-test-17-1508118357]	{}
