start_time(s)	end_time(s)	rate(tuple/s)	mean(ms)	99%ile(ms)	99.9%ile(ms)	cores	mem(MB)	failed	ids	congested
0	31	2221.419355	2083.022456	10863.247359	12222.201855	5.871613	578.705597	0	[wc-test-7-1508115311]	{}
31	61	5001.333333	17.401426	125.566975	194.117631	5.240000	503.607101	0	[wc-test-7-1508115311]	{}
61	91	5004.800000	63.473586	23.429119	35.586047	3.381333	522.891823	120	[wc-test-7-1508115311]	{}
91	121	5000.033333	12.593216	22.642687	31.277055	3.231667	437.096642	0	[wc-test-7-1508115311]	{}
121	151	5000.266667	12.477592	21.807103	28.377087	3.198333	573.473297	0	[wc-test-7-1508115311]	{}
151	181	4999.833333	12.504904	22.478847	30.998527	3.254333	694.774246	0	[wc-test-7-1508115311]	{}
181	212	4838.806452	12.471388	21.528575	34.930687	3.177419	421.604538	0	[wc-test-7-1508115311]	{}
212	242	4999.966667	12.564201	23.101439	35.323903	3.567667	441.835213	0	[wc-test-7-1508115311]	{}
242	272	5000.466667	12.551133	22.740991	32.374783	3.246667	573.534767	0	[wc-test-7-1508115311]	{}
272	302	5000.133333	12.517290	22.102015	29.065215	3.251000	376.874466	0	[wc-test-7-1508115311]	{}
