start_time(s)	end_time(s)	rate(tuple/s)	mean(ms)	99%ile(ms)	99.9%ile(ms)	cores	mem(MB)	failed	ids	congested
0	30	2507.433333	2872.211248	11056.185343	12087.984127	6.216667	420.853539	0	[wc-test-25-1508120793]	{}
30	62	4688.687500	15.316695	70.123519	207.618047	4.621250	426.705025	0	[wc-test-25-1508120793]	{}
62	92	5000.000000	12.701960	23.101439	32.735231	3.220333	495.661926	0	[wc-test-25-1508120793]	{}
92	122	5000.400000	12.598259	23.379967	32.325631	3.177667	360.454590	0	[wc-test-25-1508120793]	{}
122	152	5000.100000	12.467632	21.200895	27.115519	3.194333	538.336845	0	[wc-test-25-1508120793]	{}
152	182	4999.966667	12.494875	22.233087	30.670847	3.269000	518.552010	0	[wc-test-25-1508120793]	{}
182	212	5000.333333	12.522624	22.282239	29.687807	3.285667	590.179153	0	[wc-test-25-1508120793]	{}
212	242	5000.000000	12.439798	21.807103	30.343167	3.508000	565.409103	0	[wc-test-25-1508120793]	{}
242	272	5000.300000	12.391392	21.430271	28.671999	3.118667	447.219528	0	[wc-test-25-1508120793]	{}
272	302	5000.100000	12.393685	21.282815	28.131327	3.139667	525.629601	0	[wc-test-25-1508120793]	{}
