start_time(s)	end_time(s)	rate(tuple/s)	mean(ms)	99%ile(ms)	99.9%ile(ms)	cores	mem(MB)	failed	ids	congested
0	30	13335.966667	63.818956	668.467199	730.333183	2.565667	191.392067	0	[wc-test-12-1507905395]	{}
30	60	19999.900000	10.753493	16.408575	49.053695	1.775667	85.590744	0	[wc-test-12-1507905395]	{}
60	90	20000.833333	10.520826	14.139391	41.222143	1.720000	183.565132	0	[wc-test-12-1507905395]	{}
90	120	19998.966667	10.600658	14.139391	40.992767	1.726000	86.356369	0	[wc-test-12-1507905395]	{}
120	150	20000.833333	10.513000	13.721599	44.007423	1.763000	88.490540	0	[wc-test-12-1507905395]	{}
150	180	20000.100000	10.423962	13.787135	41.287679	1.816333	99.056435	0	[wc-test-12-1507905395]	{}
180	210	20000.266667	10.464707	13.680639	40.501247	1.690333	106.744476	0	[wc-test-12-1507905395]	{}
210	240	20000.566667	10.374502	13.975551	40.501247	1.780333	113.960556	0	[wc-test-12-1507905395]	{}
240	270	19999.666667	10.573681	14.041087	44.564479	1.702333	109.065613	0	[wc-test-12-1507905395]	{}
270	300	20000.133333	10.528472	13.942783	43.352063	1.701000	105.894699	0	[wc-test-12-1507905395]	{}
