start_time(s)	end_time(s)	rate(tuple/s)	mean(ms)	99%ile(ms)	99.9%ile(ms)	cores	mem(MB)	failed	ids	congested
0	30	3334.900000	12.773648	132.710399	209.846271	1.894667	114.826752	0	[wc-test-19-1507907530]	{}
30	60	5000.400000	8.313372	11.837439	21.676031	1.113000	134.439919	0	[wc-test-19-1507907530]	{}
60	90	5000.033333	8.325559	11.698175	21.446655	1.081000	144.739128	0	[wc-test-19-1507907530]	{}
90	120	5000.466667	8.313079	11.583487	13.492223	1.072333	152.645714	0	[wc-test-19-1507907530]	{}
120	150	5000.166667	8.321413	11.427839	19.365887	1.097333	64.708595	0	[wc-test-19-1507907530]	{}
150	180	4999.933333	8.301960	11.509759	19.546111	1.157000	76.435257	0	[wc-test-19-1507907530]	{}
180	210	5000.133333	8.420735	11.632639	22.740991	1.076667	86.615997	0	[wc-test-19-1507907530]	{}
210	240	5000.333333	8.265981	11.558911	20.414463	1.117000	88.025841	0	[wc-test-19-1507907530]	{}
240	270	5000.233333	8.283743	11.558911	13.262847	1.043333	105.857918	0	[wc-test-19-1507907530]	{}
270	300	5000.133333	8.276656	11.419647	23.019519	1.056333	103.711327	0	[wc-test-19-1507907530]	{}
