start_time(s)	end_time(s)	rate(tuple/s)	mean(ms)	99%ile(ms)	99.9%ile(ms)	cores	mem(MB)	failed	ids	congested
0	30	6667.500000	16.486431	201.064447	419.168255	2.214333	186.074669	0	[wc-test-11-1507905091]	{}
30	60	10001.100000	9.098476	13.139967	40.206335	1.343667	133.384850	0	[wc-test-11-1507905091]	{}
60	90	9999.866667	8.952302	12.312575	36.896767	1.309333	92.274170	0	[wc-test-11-1507905091]	{}
90	120	10000.600000	8.773973	12.115967	22.151167	1.318667	91.489624	0	[wc-test-11-1507905091]	{}
120	150	9999.533333	9.348922	12.607487	44.859391	1.339667	103.100914	0	[wc-test-11-1507905091]	{}
150	180	10001.666667	9.015373	12.410879	42.762239	1.365333	122.424721	0	[wc-test-11-1507905091]	{}
180	210	10000.933333	8.895560	12.222463	43.974655	1.301667	136.680679	0	[wc-test-11-1507905091]	{}
210	240	10000.266667	8.906874	12.197887	29.786111	1.363000	146.826157	0	[wc-test-11-1507905091]	{}
240	270	9998.200000	9.103840	12.345343	41.811967	1.280667	48.380646	0	[wc-test-11-1507905091]	{}
270	300	10001.766667	8.959513	12.247039	39.288831	1.273000	161.618195	0	[wc-test-11-1507905091]	{}
