start_time(s)	end_time(s)	rate(tuple/s)	mean(ms)	99%ile(ms)	99.9%ile(ms)	cores	mem(MB)	failed	ids	congested
0	30	13338.666667	49.945544	538.968063	575.143935	2.689333	127.942802	0	[wc-test-3-1507902651]	{}
30	60	20000.466667	10.741742	15.777791	49.053695	1.751667	167.044426	0	[wc-test-3-1507902651]	{}
60	90	20000.066667	10.501100	14.426111	42.401791	1.714667	128.737129	0	[wc-test-3-1507902651]	{}
90	120	20000.200000	10.465725	13.942783	50.790399	1.686667	71.332253	0	[wc-test-3-1507902651]	{}
120	150	20001.433333	10.465995	14.114815	41.746431	1.788667	128.720093	0	[wc-test-3-1507902651]	{}
150	180	20000.900000	10.517394	14.229503	52.887551	1.819000	83.150520	0	[wc-test-3-1507902651]	{}
180	210	20000.800000	10.347845	13.877247	42.008575	1.692667	142.029037	0	[wc-test-3-1507902651]	{}
210	240	19998.333333	10.408950	13.844479	47.349759	1.761000	202.289658	0	[wc-test-3-1507902651]	{}
240	270	20001.900000	10.520248	14.204927	42.237951	1.690333	51.774315	0	[wc-test-3-1507902651]	{}
270	300	19999.533333	10.370832	13.860863	43.384831	1.658667	103.219017	0	[wc-test-3-1507902651]	{}
