start_time(s)	end_time(s)	rate(tuple/s)	mean(ms)	99%ile(ms)	99.9%ile(ms)	cores	mem(MB)	failed	ids	congested
0	30	1665.233333	26.334856	497.025023	674.758655	1.442667	100.731964	0	[wc-test-10-1507904787]	{}
30	60	5002.733333	8.512592	14.213119	46.497791	1.224000	155.265823	0	[wc-test-10-1507904787]	{}
60	90	5000.600000	8.464931	11.886591	23.674879	1.120667	120.870796	0	[wc-test-10-1507904787]	{}
90	120	5000.000000	8.246433	11.583487	21.954559	1.095667	93.320099	0	[wc-test-10-1507904787]	{}
120	150	4999.866667	8.164709	11.165695	26.968063	1.096667	68.553009	0	[wc-test-10-1507904787]	{}
150	180	5000.166667	8.110851	11.182079	13.533183	1.144000	46.474426	0	[wc-test-10-1507904787]	{}
180	210	4999.633333	8.283645	11.698175	31.899647	1.194667	121.368988	0	[wc-test-10-1507904787]	{}
210	240	5000.466667	8.448612	11.747327	35.160063	1.161333	93.640350	0	[wc-test-10-1507904787]	{}
240	270	5000.166667	8.278027	11.354111	20.922367	1.054333	167.953995	0	[wc-test-10-1507904787]	{}
270	300	4999.900000	8.231820	11.370495	21.594111	1.057000	135.806686	0	[wc-test-10-1507904787]	{}
