start_time(s)	end_time(s)	rate(tuple/s)	mean(ms)	99%ile(ms)	99.9%ile(ms)	cores	mem(MB)	failed	ids	congested
0	30	6668.900000	13.431725	100.794367	207.486975	2.325333	129.907410	0	[wc-test-2-1507902346]	{}
30	60	9999.866667	9.338980	13.828095	50.364415	1.365667	93.321678	0	[wc-test-2-1507902346]	{}
60	90	10000.800000	9.039852	12.320767	39.387135	1.298667	152.509132	0	[wc-test-2-1507902346]	{}
90	120	10000.166667	9.011003	12.279807	38.993919	1.297000	120.828079	0	[wc-test-2-1507902346]	{}
120	150	10000.333333	9.137086	12.517375	46.497791	1.363667	71.614746	0	[wc-test-2-1507902346]	{}
150	181	9677.451613	8.871753	12.337151	47.644671	1.335484	137.638390	0	[wc-test-2-1507902346]	{}
181	211	9999.700000	9.263263	12.517375	42.467327	1.298667	100.341751	0	[wc-test-2-1507902346]	{}
211	241	10000.100000	9.187006	12.541951	44.924927	1.332333	160.241051	0	[wc-test-2-1507902346]	{}
241	271	10000.200000	8.839904	12.320767	48.037887	1.259333	123.629120	0	[wc-test-2-1507902346]	{}
271	301	10001.466667	8.820686	12.263423	45.350911	1.279000	99.575432	0	[wc-test-2-1507902346]	{}
