start_time(s)	end_time(s)	rate(tuple/s)	mean(ms)	99%ile(ms)	99.9%ile(ms)	cores	mem(MB)	failed	ids	congested
0	30	5839.766667	44.402809	553.123839	728.760319	3.758667	333.245384	0	[wc-test-23-1507908746]	{}
30	60	10000.466667	9.475008	16.621567	53.739519	2.352333	211.838364	0	[wc-test-23-1507908746]	{}
60	90	10000.000000	8.923291	13.352959	26.705919	2.247667	215.449280	0	[wc-test-23-1507908746]	{}
90	120	10000.433333	8.661430	12.984319	37.650431	2.280333	237.198318	0	[wc-test-23-1507908746]	{}
120	150	10000.533333	8.885051	13.000703	27.656191	2.102000	252.788811	0	[wc-test-23-1507908746]	{}
150	180	10000.033333	9.016243	13.434879	37.322751	2.166000	246.253448	0	[wc-test-23-1507908746]	{}
180	210	9999.700000	8.966069	12.967935	32.489471	2.089000	154.724434	0	[wc-test-23-1507908746]	{}
210	240	10000.033333	9.152781	13.508607	49.250303	2.232000	341.188583	0	[wc-test-23-1507908746]	{}
240	270	10000.266667	9.053092	14.000127	48.431103	2.138000	221.393921	0	[wc-test-23-1507908746]	{}
270	300	10000.266667	9.060480	13.574143	52.428799	2.427333	204.723259	0	[wc-test-23-1507908746]	{}
