start_time(s)	end_time(s)	rate(tuple/s)	mean(ms)	99%ile(ms)	99.9%ile(ms)	cores	mem(MB)	failed	ids	congested
0	30	1671.333333	49.252431	673.710079	823.132159	2.612333	289.590538	0	[wc-test-13-1507905699]	{}
30	60	5003.533333	10.250547	33.538047	84.738047	2.401333	200.306725	0	[wc-test-13-1507905699]	{}
60	90	4999.633333	8.799034	13.344767	17.367039	2.037667	273.249565	0	[wc-test-13-1507905699]	{}
90	120	5000.733333	8.957224	13.918207	21.970943	2.004000	334.052765	0	[wc-test-13-1507905699]	{}
120	150	4999.966667	8.915576	13.328383	21.774335	2.014667	291.309517	0	[wc-test-13-1507905699]	{}
150	180	5000.000000	8.803133	12.853247	16.310271	1.945333	260.460770	0	[wc-test-13-1507905699]	{}
180	210	4999.866667	9.050678	12.861439	16.130047	2.010333	222.902031	0	[wc-test-13-1507905699]	{}
210	240	5000.600000	8.841984	12.910591	22.921215	2.015333	297.352356	0	[wc-test-13-1507905699]	{}
240	270	4999.666667	8.916434	13.180927	17.629183	1.942333	260.164078	0	[wc-test-13-1507905699]	{}
270	300	5000.333333	9.085908	13.082623	17.072127	1.958667	211.372780	0	[wc-test-13-1507905699]	{}
