start_time(s)	end_time(s)	rate(tuple/s)	mean(ms)	99%ile(ms)	99.9%ile(ms)	cores	mem(MB)	failed	ids	congested
0	30	0.000000	0.000000	0.000000	0.000000	0.000000	0.000000	0	[wc-test-16-1507906611]	{}
30	60	5634.900000	977.245321	9235.857407	10250.878975	9.676333	544.137001	0	[wc-test-16-1507906611]	{}
60	90	5000.200000	12.412809	22.740991	31.211519	3.079333	506.457893	0	[wc-test-16-1507906611]	{}
90	120	5000.166667	11.980435	19.857407	27.164671	2.791667	387.580711	0	[wc-test-16-1507906611]	{}
120	150	4999.733333	11.978874	19.611647	28.344319	2.811000	384.311974	0	[wc-test-16-1507906611]	{}
150	180	5000.400000	11.842033	18.857983	26.312703	2.801000	471.860268	0	[wc-test-16-1507906611]	{}
180	210	4999.933333	12.067434	19.496959	26.279935	2.840333	553.374321	0	[wc-test-16-1507906611]	{}
210	241	4839.161290	11.552615	18.825215	24.903679	2.931613	457.968781	0	[wc-test-16-1507906611]	{}
241	271	5000.066667	12.117094	19.349503	25.886719	2.915333	540.498100	0	[wc-test-16-1507906611]	{}
271	301	4999.900000	11.904301	19.185663	24.674303	2.867667	624.015030	0	[wc-test-16-1507906611]	{}
