start_time(s)	end_time(s)	rate(tuple/s)	mean(ms)	99%ile(ms)	99.9%ile(ms)	cores	mem(MB)	failed	ids	congested
0	30	0.000000	0.000000	0.000000	0.000000	0.000000	0.000000	0	[wc-test-25-1507909354]	{}
30	61	5451.870968	948.303615	9235.857407	9680.453631	9.202903	476.287506	0	[wc-test-25-1507909354]	{}
61	91	5000.266667	12.775312	23.789567	40.796159	3.056000	437.612648	0	[wc-test-25-1507909354]	{}
91	121	5000.000000	12.452410	20.398079	28.360703	2.769000	505.713074	0	[wc-test-25-1507909354]	{}
121	151	4999.933333	12.376899	19.595263	25.591807	2.744000	584.174690	0	[wc-test-25-1507909354]	{}
151	181	5000.400000	12.347487	19.873791	26.460159	2.758667	462.709892	0	[wc-test-25-1507909354]	{}
181	211	5000.000000	12.315698	19.447807	27.197439	2.825333	543.801231	0	[wc-test-25-1507909354]	{}
211	241	5000.066667	12.350991	19.398655	24.788991	2.909333	420.039917	0	[wc-test-25-1507909354]	{}
241	271	5000.333333	12.283543	18.694143	24.723455	2.868333	407.388603	0	[wc-test-25-1507909354]	{}
271	301	4999.966667	12.409910	20.152319	39.354367	2.974333	376.235809	0	[wc-test-25-1507909354]	{}
