start_time(s)	end_time(s)	rate(tuple/s)	mean(ms)	99%ile(ms)	99.9%ile(ms)	cores	mem(MB)	failed	ids	congested
0	30	3336.100000	27.842631	360.447999	422.051839	1.624000	207.472282	0	[wc-test-1-1507953180]	{}
30	60	10001.366667	8.538204	14.073855	71.958527	1.564000	77.374649	0	[wc-test-1-1507953180]	{}
60	90	10000.266667	8.123206	11.386879	15.335423	1.367000	117.604645	0	[wc-test-1-1507953180]	{}
90	120	10000.200000	8.072651	11.640831	37.027839	1.391000	107.981064	0	[wc-test-1-1507953180]	{}
120	150	10000.766667	8.299184	11.763711	35.684351	1.399000	178.294724	0	[wc-test-1-1507953180]	{}
150	180	9999.200000	8.149801	11.599871	49.020927	1.574333	156.651337	0	[wc-test-1-1507953180]	{}
180	210	10000.600000	8.051358	11.149311	14.123007	1.356333	128.057541	0	[wc-test-1-1507953180]	{}
210	240	10000.300000	8.100858	11.755519	36.241407	1.387000	95.347260	0	[wc-test-1-1507953180]	{}
240	270	9999.966667	8.129262	11.452415	21.184511	1.354333	72.918648	0	[wc-test-1-1507953180]	{}
270	300	9999.700000	8.205592	11.591679	37.289983	1.339333	124.190338	0	[wc-test-1-1507953180]	{}
