start_time(s)	end_time(s)	rate(tuple/s)	mean(ms)	99%ile(ms)	99.9%ile(ms)	cores	mem(MB)	failed	ids	congested
0	30	0.000000	0.000000	0.000000	0.000000	0.000000	0.000000	0	[wc-test-2-1507953484]	{}
30	61	15340.709677	1584.104154	10888.413183	13304.332287	13.027742	614.563797	0	[wc-test-2-1507953484]	{}
61	91	10000.900000	13.393512	27.787263	42.008575	4.058667	366.628555	0	[wc-test-2-1507953484]	{}
91	121	10001.200000	13.246367	28.229631	71.172095	3.960667	645.450523	0	[wc-test-2-1507953484]	{}
121	151	10000.300000	12.948044	25.706495	36.896767	3.914000	447.949707	0	[wc-test-2-1507953484]	{}
151	181	9999.233333	13.901466	45.645823	139.853823	3.990000	541.659340	0	[wc-test-2-1507953484]	{}
181	211	10000.533333	12.884706	23.904255	31.227903	3.968333	553.057335	0	[wc-test-2-1507953484]	{}
211	241	10000.600000	12.905518	24.510463	32.669695	3.976333	557.398811	0	[wc-test-2-1507953484]	{}
241	271	10000.000000	12.914769	25.411583	34.471935	3.875667	572.418983	0	[wc-test-2-1507953484]	{}
271	301	10000.566667	12.832058	24.133631	35.684351	3.932333	590.508430	0	[wc-test-2-1507953484]	{}
